service_id,date,exception_type
A.318,20110927,1
p.318,20110927,1
7.318,20110927,1
W.318,20110927,1
W.318,20110928,1
7.318,20110928,1
p.318,20110928,1
A.318,20110928,1
p.318,20110929,1
W.318,20110929,1
7.318,20110929,1
A.318,20110929,1
P.318,20110930,1
W.318,20110930,1
7.318,20110930,1
A.318,20110930,1
8.318,20111001,1
B.318,20111001,1
K.318,20111001,1
S.318,20111001,1
c.320,20111002,1
k.320,20111002,1
U.320,20111002,1
T.320,20111002,1
7.320,20111003,1
A.320,20111003,1
W.320,20111003,1
p.320,20111003,1
7.320,20111004,1
A.320,20111004,1
W.320,20111004,1
p.320,20111004,1
7.320,20111005,1
A.320,20111005,1
W.320,20111005,1
p.320,20111005,1
7.320,20111006,1
A.320,20111006,1
W.320,20111006,1
p.320,20111006,1
7.320,20111007,1
A.320,20111007,1
W.320,20111007,1
P.320,20111007,1
8.320,20111008,1
K.320,20111008,1
S.320,20111008,1
B.320,20111008,1
C.320,20111009,1
k.320,20111009,1
U.320,20111009,1
7.320,20111010,1
p.320,20111010,1
A.320,20111010,1
W.320,20111010,1
Z.320,20111010,1
7.320,20111011,1
p.320,20111011,1
A.320,20111011,1
W.320,20111011,1
Z.320,20111011,1
7.320,20111012,1
p.320,20111012,1
A.320,20111012,1
W.320,20111012,1
Z.320,20111012,1
7.320,20111013,1
p.320,20111013,1
A.320,20111013,1
W.320,20111013,1
Z.320,20111013,1
P.320,20111014,1
Z.320,20111014,1
A.320,20111014,1
W.320,20111014,1
7.320,20111014,1
8.320,20111015,1
B.320,20111015,1
K.320,20111015,1
S.320,20111015,1
H.320,20111015,1
C.320,20111016,1
I.320,20111016,1
U.320,20111016,1
k.320,20111016,1
p.320,20111017,1
Z.320,20111017,1
A.320,20111017,1
W.320,20111017,1
7.320,20111017,1
p.320,20111018,1
Z.320,20111018,1
A.320,20111018,1
W.320,20111018,1
7.320,20111018,1
p.320,20111019,1
Z.320,20111019,1
A.320,20111019,1
W.320,20111019,1
7.320,20111019,1
p.320,20111020,1
Z.320,20111020,1
A.320,20111020,1
W.320,20111020,1
7.320,20111020,1
P.320,20111021,1
Z.320,20111021,1
A.320,20111021,1
W.320,20111021,1
7.320,20111021,1
8.320,20111022,1
B.320,20111022,1
K.320,20111022,1
S.320,20111022,1
H.320,20111022,1
C.320,20111023,1
k.320,20111023,1
U.320,20111023,1
I.320,20111023,1
p.320,20111024,1
Z.320,20111024,1
A.320,20111024,1
W.320,20111024,1
7.320,20111024,1
p.320,20111025,1
Z.320,20111025,1
A.320,20111025,1
W.320,20111025,1
7.320,20111025,1
p.320,20111026,1
Z.320,20111026,1
A.320,20111026,1
W.320,20111026,1
7.320,20111026,1
p.320,20111027,1
Z.320,20111027,1
A.320,20111027,1
W.320,20111027,1
7.320,20111027,1
P.320,20111028,1
z.320,20111028,1
A.320,20111028,1
W.320,20111028,1
7.320,20111028,1
8.320,20111029,1
h.320,20111029,1
B.320,20111029,1
K.320,20111029,1
S.320,20111029,1
C.320,20111030,1
k.320,20111030,1
U.320,20111030,1
i.320,20111030,1
p.320,20111031,1
A.320,20111031,1
W.320,20111031,1
7.320,20111031,1
A.320,20111101,1
p.320,20111101,1
7.320,20111101,1
W.320,20111101,1
A.320,20111102,1
7.320,20111102,1
W.320,20111102,1
p.320,20111102,1
7.320,20111103,1
W.320,20111103,1
A.320,20111103,1
p.320,20111103,1
W.320,20111104,1
7.320,20111104,1
P.320,20111104,1
A.320,20111104,1
S.320,20111105,1
8.320,20111105,1
B.320,20111105,1
C.320,20111106,1
U.320,20111106,1
7.320,20111107,1
W.320,20111107,1
p.320,20111107,1
A.320,20111107,1
A.320,20111108,1
7.320,20111108,1
W.320,20111108,1
p.320,20111108,1
p.320,20111109,1
7.320,20111109,1
A.320,20111109,1
W.320,20111109,1
p.320,20111110,1
A.320,20111110,1
7.320,20111110,1
W.320,20111110,1
W.320,20111111,1
7.320,20111111,1
A.320,20111111,1
P.320,20111111,1
S.320,20111112,1
B.320,20111112,1
8.320,20111112,1
U.320,20111113,1
C.320,20111113,1
7.320,20111114,1
p.320,20111114,1
A.320,20111114,1
W.320,20111114,1
7.320,20111115,1
A.320,20111115,1
p.320,20111115,1
W.320,20111115,1
p.320,20111116,1
W.320,20111116,1
A.320,20111116,1
7.320,20111116,1
A.320,20111117,1
p.320,20111117,1
W.320,20111117,1
7.320,20111117,1
W.320,20111118,1
A.320,20111118,1
P.320,20111118,1
7.320,20111118,1
S.320,20111119,1
B.320,20111119,1
8.320,20111119,1
C.320,20111120,1
U.320,20111120,1
p.320,20111121,1
W.320,20111121,1
7.320,20111121,1
A.320,20111121,1
W.320,20111122,1
p.320,20111122,1
7.320,20111122,1
A.320,20111122,1
W.320,20111123,1
p.320,20111123,1
7.320,20111123,1
A.320,20111123,1
X.320,20111124,1
P.320,20111125,1
W.320,20111125,1
7.320,20111125,1
A.320,20111125,1
S.320,20111126,1
B.320,20111126,1
8.320,20111126,1
C.320,20111127,1
V.320,20111127,1
U.320,20111127,1
7.320,20111128,1
A.320,20111128,1
p.320,20111128,1
W.320,20111128,1
A.320,20111129,1
p.320,20111129,1
7.320,20111129,1
W.320,20111129,1
p.320,20111130,1
W.320,20111130,1
A.320,20111130,1
7.320,20111130,1
W.320,20111201,1
A.320,20111201,1
7.320,20111201,1
p.320,20111201,1
7.320,20111202,1
W.320,20111202,1
P.320,20111202,1
A.320,20111202,1
8.320,20111203,1
S.320,20111203,1
B.320,20111203,1
V.319,20111204,1
U.319,20111204,1
C.319,20111204,1
W.319,20111205,1
A.319,20111205,1
p.319,20111205,1
7.319,20111205,1
W.319,20111206,1
7.319,20111206,1
p.319,20111206,1
A.319,20111206,1
A.319,20111207,1
p.319,20111207,1
7.319,20111207,1
W.319,20111207,1
7.319,20111208,1
W.319,20111208,1
A.319,20111208,1
p.319,20111208,1
7.319,20111209,1
P.319,20111209,1
A.319,20111209,1
W.319,20111209,1
B.319,20111210,1
S.319,20111210,1
8.319,20111210,1
U.319,20111211,1
V.319,20111211,1
C.319,20111211,1
7.319,20111212,1
p.319,20111212,1
W.319,20111212,1
A.319,20111212,1
7.319,20111213,1
p.319,20111213,1
A.319,20111213,1
W.319,20111213,1
W.319,20111214,1
A.319,20111214,1
7.319,20111214,1
p.319,20111214,1
W.319,20111215,1
7.319,20111215,1
p.319,20111215,1
A.319,20111215,1
P.319,20111216,1
W.319,20111216,1
A.319,20111216,1
7.319,20111216,1
S.319,20111217,1
8.319,20111217,1
B.319,20111217,1
V.319,20111218,1
C.319,20111218,1
U.319,20111218,1
W.319,20111219,1
7.319,20111219,1
p.319,20111219,1
A.319,20111219,1
A.319,20111220,1
W.319,20111220,1
p.319,20111220,1
7.319,20111220,1
A.319,20111221,1
7.319,20111221,1
W.319,20111221,1
p.319,20111221,1
p.319,20111222,1
W.319,20111222,1
7.319,20111222,1
A.319,20111222,1
7.319,20111223,1
P.319,20111223,1
A.319,20111223,1
W.319,20111223,1
8.319,20111224,1
B.319,20111224,1
S.319,20111224,1
U.319,20111225,1
C.319,20111225,1
