fare_id,origin_id,route_id,contains_id
0,,,T
1,0,,0
2,0,,1
3,0,,2
4,0,,3
5,0,,M1
6,0,,M2
7,0,,M3
8,0,,W
9,0,,0
9,0,,1
10,0,,0
10,0,,2
11,0,,0
11,0,,3
12,0,,0
12,0,,M1
13,0,,0
13,0,,M2
14,0,,0
14,0,,M3
15,0,,0
15,0,,W
16,0,,1
16,0,,2
17,0,,1
17,0,,3
18,0,,1
18,0,,M1
19,0,,1
19,0,,M2
20,0,,1
20,0,,M3
21,0,,1
21,0,,W
22,0,,2
22,0,,3
23,0,,2
23,0,,M1
24,0,,2
24,0,,M2
25,0,,2
25,0,,M3
26,0,,2
26,0,,W
27,0,,3
27,0,,M1
28,0,,3
28,0,,M2
29,0,,3
29,0,,M3
30,0,,3
30,0,,W
31,0,,M1
31,0,,M2
32,0,,M1
32,0,,M3
33,0,,M1
33,0,,W
34,0,,M2
34,0,,M3
35,0,,M2
35,0,,W
36,0,,M3
36,0,,W
37,0,,0
37,0,,1
37,0,,2
38,0,,0
38,0,,1
38,0,,3
39,0,,0
39,0,,1
39,0,,M1
40,0,,0
40,0,,1
40,0,,M2
41,0,,0
41,0,,1
41,0,,M3
42,0,,0
42,0,,1
42,0,,W
43,0,,0
43,0,,2
43,0,,3
44,0,,0
44,0,,2
44,0,,M1
45,0,,0
45,0,,2
45,0,,M2
46,0,,0
46,0,,2
46,0,,M3
47,0,,0
47,0,,2
47,0,,W
48,0,,0
48,0,,3
48,0,,M1
49,0,,0
49,0,,3
49,0,,M2
50,0,,0
50,0,,3
50,0,,M3
51,0,,0
51,0,,3
51,0,,W
52,0,,0
52,0,,M1
52,0,,M2
53,0,,0
53,0,,M1
53,0,,M3
54,0,,0
54,0,,M1
54,0,,W
55,0,,0
55,0,,M2
55,0,,M3
56,0,,0
56,0,,M2
56,0,,W
57,0,,0
57,0,,M3
57,0,,W
58,0,,1
58,0,,2
58,0,,3
59,0,,1
59,0,,2
59,0,,M1
60,0,,1
60,0,,2
60,0,,M2
61,0,,1
61,0,,2
61,0,,M3
62,0,,1
62,0,,2
62,0,,W
63,0,,1
63,0,,3
63,0,,M1
64,0,,1
64,0,,3
64,0,,M2
65,0,,1
65,0,,3
65,0,,M3
66,0,,1
66,0,,3
66,0,,W
67,0,,1
67,0,,M1
67,0,,M2
68,0,,1
68,0,,M1
68,0,,M3
69,0,,1
69,0,,M1
69,0,,W
70,0,,1
70,0,,M2
70,0,,M3
71,0,,1
71,0,,M2
71,0,,W
72,0,,1
72,0,,M3
72,0,,W
73,0,,2
73,0,,3
73,0,,M1
74,0,,2
74,0,,3
74,0,,M2
75,0,,2
75,0,,3
75,0,,M3
76,0,,2
76,0,,3
76,0,,W
77,0,,2
77,0,,M1
77,0,,M2
78,0,,2
78,0,,M1
78,0,,M3
79,0,,2
79,0,,M1
79,0,,W
80,0,,2
80,0,,M2
80,0,,M3
81,0,,2
81,0,,M2
81,0,,W
82,0,,2
82,0,,M3
82,0,,W
83,0,,3
83,0,,M1
83,0,,M2
84,0,,3
84,0,,M1
84,0,,M3
85,0,,3
85,0,,M1
85,0,,W
86,0,,3
86,0,,M2
86,0,,M3
87,0,,3
87,0,,M2
87,0,,W
88,0,,3
88,0,,M3
88,0,,W
89,0,,M1
89,0,,M2
89,0,,M3
90,0,,M1
90,0,,M2
90,0,,W
91,0,,M1
91,0,,M3
91,0,,W
92,0,,M2
92,0,,M3
92,0,,W
93,0,,0
93,0,,1
93,0,,2
93,0,,3
94,0,,0
94,0,,1
94,0,,2
94,0,,M1
95,0,,0
95,0,,1
95,0,,2
95,0,,M2
96,0,,0
96,0,,1
96,0,,2
96,0,,M3
97,0,,0
97,0,,1
97,0,,2
97,0,,W
98,0,,0
98,0,,1
98,0,,3
98,0,,M1
99,0,,0
99,0,,1
99,0,,3
99,0,,M2
100,0,,0
100,0,,1
100,0,,3
100,0,,M3
101,0,,0
101,0,,1
101,0,,3
101,0,,W
102,0,,0
102,0,,1
102,0,,M1
102,0,,M2
103,0,,0
103,0,,1
103,0,,M1
103,0,,M3
104,0,,0
104,0,,1
104,0,,M1
104,0,,W
105,0,,0
105,0,,1
105,0,,M2
105,0,,M3
106,0,,0
106,0,,1
106,0,,M2
106,0,,W
107,0,,0
107,0,,1
107,0,,M3
107,0,,W
108,0,,0
108,0,,2
108,0,,3
108,0,,M1
109,0,,0
109,0,,2
109,0,,3
109,0,,M2
110,0,,0
110,0,,2
110,0,,3
110,0,,M3
111,0,,0
111,0,,2
111,0,,3
111,0,,W
112,0,,0
112,0,,2
112,0,,M1
112,0,,M2
113,0,,0
113,0,,2
113,0,,M1
113,0,,M3
114,0,,0
114,0,,2
114,0,,M1
114,0,,W
115,0,,0
115,0,,2
115,0,,M2
115,0,,M3
116,0,,0
116,0,,2
116,0,,M2
116,0,,W
117,0,,0
117,0,,2
117,0,,M3
117,0,,W
118,0,,0
118,0,,3
118,0,,M1
118,0,,M2
119,0,,0
119,0,,3
119,0,,M1
119,0,,M3
120,0,,0
120,0,,3
120,0,,M1
120,0,,W
121,0,,0
121,0,,3
121,0,,M2
121,0,,M3
122,0,,0
122,0,,3
122,0,,M2
122,0,,W
123,0,,0
123,0,,3
123,0,,M3
123,0,,W
124,0,,0
124,0,,M1
124,0,,M2
124,0,,M3
125,0,,0
125,0,,M1
125,0,,M2
125,0,,W
126,0,,0
126,0,,M1
126,0,,M3
126,0,,W
127,0,,0
127,0,,M2
127,0,,M3
127,0,,W
128,0,,1
128,0,,2
128,0,,3
128,0,,M1
129,0,,1
129,0,,2
129,0,,3
129,0,,M2
130,0,,1
130,0,,2
130,0,,3
130,0,,M3
131,0,,1
131,0,,2
131,0,,3
131,0,,W
132,0,,1
132,0,,2
132,0,,M1
132,0,,M2
133,0,,1
133,0,,2
133,0,,M1
133,0,,M3
134,0,,1
134,0,,2
134,0,,M1
134,0,,W
135,0,,1
135,0,,2
135,0,,M2
135,0,,M3
136,0,,1
136,0,,2
136,0,,M2
136,0,,W
137,0,,1
137,0,,2
137,0,,M3
137,0,,W
138,0,,1
138,0,,3
138,0,,M1
138,0,,M2
139,0,,1
139,0,,3
139,0,,M1
139,0,,M3
140,0,,1
140,0,,3
140,0,,M1
140,0,,W
141,0,,1
141,0,,3
141,0,,M2
141,0,,M3
142,0,,1
142,0,,3
142,0,,M2
142,0,,W
143,0,,1
143,0,,3
143,0,,M3
143,0,,W
144,0,,1
144,0,,M1
144,0,,M2
144,0,,M3
145,0,,1
145,0,,M1
145,0,,M2
145,0,,W
146,0,,1
146,0,,M1
146,0,,M3
146,0,,W
147,0,,1
147,0,,M2
147,0,,M3
147,0,,W
148,0,,2
148,0,,3
148,0,,M1
148,0,,M2
149,0,,2
149,0,,3
149,0,,M1
149,0,,M3
150,0,,2
150,0,,3
150,0,,M1
150,0,,W
151,0,,2
151,0,,3
151,0,,M2
151,0,,M3
152,0,,2
152,0,,3
152,0,,M2
152,0,,W
153,0,,2
153,0,,3
153,0,,M3
153,0,,W
154,0,,2
154,0,,M1
154,0,,M2
154,0,,M3
155,0,,2
155,0,,M1
155,0,,M2
155,0,,W
156,0,,2
156,0,,M1
156,0,,M3
156,0,,W
157,0,,2
157,0,,M2
157,0,,M3
157,0,,W
158,0,,3
158,0,,M1
158,0,,M2
158,0,,M3
159,0,,3
159,0,,M1
159,0,,M2
159,0,,W
160,0,,3
160,0,,M1
160,0,,M3
160,0,,W
161,0,,3
161,0,,M2
161,0,,M3
161,0,,W
162,0,,M1
162,0,,M2
162,0,,M3
162,0,,W
163,0,,0
163,0,,1
163,0,,2
163,0,,3
163,0,,M1
164,0,,0
164,0,,1
164,0,,2
164,0,,3
164,0,,M2
165,0,,0
165,0,,1
165,0,,2
165,0,,3
165,0,,M3
166,0,,0
166,0,,1
166,0,,2
166,0,,3
166,0,,W
167,0,,0
167,0,,1
167,0,,2
167,0,,M1
167,0,,M2
168,0,,0
168,0,,1
168,0,,2
168,0,,M1
168,0,,M3
169,0,,0
169,0,,1
169,0,,2
169,0,,M1
169,0,,W
170,0,,0
170,0,,1
170,0,,2
170,0,,M2
170,0,,M3
171,0,,0
171,0,,1
171,0,,2
171,0,,M2
171,0,,W
172,0,,0
172,0,,1
172,0,,2
172,0,,M3
172,0,,W
173,0,,0
173,0,,1
173,0,,3
173,0,,M1
173,0,,M2
174,0,,0
174,0,,1
174,0,,3
174,0,,M1
174,0,,M3
175,0,,0
175,0,,1
175,0,,3
175,0,,M1
175,0,,W
176,0,,0
176,0,,1
176,0,,3
176,0,,M2
176,0,,M3
177,0,,0
177,0,,1
177,0,,3
177,0,,M2
177,0,,W
178,0,,0
178,0,,1
178,0,,3
178,0,,M3
178,0,,W
179,0,,0
179,0,,1
179,0,,M1
179,0,,M2
179,0,,M3
180,0,,0
180,0,,1
180,0,,M1
180,0,,M2
180,0,,W
181,0,,0
181,0,,1
181,0,,M1
181,0,,M3
181,0,,W
182,0,,0
182,0,,1
182,0,,M2
182,0,,M3
182,0,,W
183,0,,0
183,0,,2
183,0,,3
183,0,,M1
183,0,,M2
184,0,,0
184,0,,2
184,0,,3
184,0,,M1
184,0,,M3
185,0,,0
185,0,,2
185,0,,3
185,0,,M1
185,0,,W
186,0,,0
186,0,,2
186,0,,3
186,0,,M2
186,0,,M3
187,0,,0
187,0,,2
187,0,,3
187,0,,M2
187,0,,W
188,0,,0
188,0,,2
188,0,,3
188,0,,M3
188,0,,W
189,0,,0
189,0,,2
189,0,,M1
189,0,,M2
189,0,,M3
190,0,,0
190,0,,2
190,0,,M1
190,0,,M2
190,0,,W
191,0,,0
191,0,,2
191,0,,M1
191,0,,M3
191,0,,W
192,0,,0
192,0,,2
192,0,,M2
192,0,,M3
192,0,,W
193,0,,0
193,0,,3
193,0,,M1
193,0,,M2
193,0,,M3
194,0,,0
194,0,,3
194,0,,M1
194,0,,M2
194,0,,W
195,0,,0
195,0,,3
195,0,,M1
195,0,,M3
195,0,,W
196,0,,0
196,0,,3
196,0,,M2
196,0,,M3
196,0,,W
197,0,,0
197,0,,M1
197,0,,M2
197,0,,M3
197,0,,W
198,0,,1
198,0,,2
198,0,,3
198,0,,M1
198,0,,M2
199,0,,1
199,0,,2
199,0,,3
199,0,,M1
199,0,,M3
200,0,,1
200,0,,2
200,0,,3
200,0,,M1
200,0,,W
201,0,,1
201,0,,2
201,0,,3
201,0,,M2
201,0,,M3
202,0,,1
202,0,,2
202,0,,3
202,0,,M2
202,0,,W
203,0,,1
203,0,,2
203,0,,3
203,0,,M3
203,0,,W
204,0,,1
204,0,,2
204,0,,M1
204,0,,M2
204,0,,M3
205,0,,1
205,0,,2
205,0,,M1
205,0,,M2
205,0,,W
206,0,,1
206,0,,2
206,0,,M1
206,0,,M3
206,0,,W
207,0,,1
207,0,,2
207,0,,M2
207,0,,M3
207,0,,W
208,0,,1
208,0,,3
208,0,,M1
208,0,,M2
208,0,,M3
209,0,,1
209,0,,3
209,0,,M1
209,0,,M2
209,0,,W
210,0,,1
210,0,,3
210,0,,M1
210,0,,M3
210,0,,W
211,0,,1
211,0,,3
211,0,,M2
211,0,,M3
211,0,,W
212,0,,1
212,0,,M1
212,0,,M2
212,0,,M3
212,0,,W
213,0,,2
213,0,,3
213,0,,M1
213,0,,M2
213,0,,M3
214,0,,2
214,0,,3
214,0,,M1
214,0,,M2
214,0,,W
215,0,,2
215,0,,3
215,0,,M1
215,0,,M3
215,0,,W
216,0,,2
216,0,,3
216,0,,M2
216,0,,M3
216,0,,W
217,0,,2
217,0,,M1
217,0,,M2
217,0,,M3
217,0,,W
218,0,,3
218,0,,M1
218,0,,M2
218,0,,M3
218,0,,W
219,0,,0
219,0,,1
219,0,,2
219,0,,3
219,0,,M1
219,0,,M2
220,0,,0
220,0,,1
220,0,,2
220,0,,3
220,0,,M1
220,0,,M3
221,0,,0
221,0,,1
221,0,,2
221,0,,3
221,0,,M1
221,0,,W
222,0,,0
222,0,,1
222,0,,2
222,0,,3
222,0,,M2
222,0,,M3
223,0,,0
223,0,,1
223,0,,2
223,0,,3
223,0,,M2
223,0,,W
224,0,,0
224,0,,1
224,0,,2
224,0,,3
224,0,,M3
224,0,,W
225,0,,0
225,0,,1
225,0,,2
225,0,,M1
225,0,,M2
225,0,,M3
226,0,,0
226,0,,1
226,0,,2
226,0,,M1
226,0,,M2
226,0,,W
227,0,,0
227,0,,1
227,0,,2
227,0,,M1
227,0,,M3
227,0,,W
228,0,,0
228,0,,1
228,0,,2
228,0,,M2
228,0,,M3
228,0,,W
229,0,,0
229,0,,1
229,0,,3
229,0,,M1
229,0,,M2
229,0,,M3
230,0,,0
230,0,,1
230,0,,3
230,0,,M1
230,0,,M2
230,0,,W
231,0,,0
231,0,,1
231,0,,3
231,0,,M1
231,0,,M3
231,0,,W
232,0,,0
232,0,,1
232,0,,3
232,0,,M2
232,0,,M3
232,0,,W
233,0,,0
233,0,,1
233,0,,M1
233,0,,M2
233,0,,M3
233,0,,W
234,0,,0
234,0,,2
234,0,,3
234,0,,M1
234,0,,M2
234,0,,M3
235,0,,0
235,0,,2
235,0,,3
235,0,,M1
235,0,,M2
235,0,,W
236,0,,0
236,0,,2
236,0,,3
236,0,,M1
236,0,,M3
236,0,,W
237,0,,0
237,0,,2
237,0,,3
237,0,,M2
237,0,,M3
237,0,,W
238,0,,0
238,0,,2
238,0,,M1
238,0,,M2
238,0,,M3
238,0,,W
239,0,,0
239,0,,3
239,0,,M1
239,0,,M2
239,0,,M3
239,0,,W
240,0,,1
240,0,,2
240,0,,3
240,0,,M1
240,0,,M2
240,0,,M3
241,0,,1
241,0,,2
241,0,,3
241,0,,M1
241,0,,M2
241,0,,W
242,0,,1
242,0,,2
242,0,,3
242,0,,M1
242,0,,M3
242,0,,W
243,0,,1
243,0,,2
243,0,,3
243,0,,M2
243,0,,M3
243,0,,W
244,0,,1
244,0,,2
244,0,,M1
244,0,,M2
244,0,,M3
244,0,,W
245,0,,1
245,0,,3
245,0,,M1
245,0,,M2
245,0,,M3
245,0,,W
246,0,,2
246,0,,3
246,0,,M1
246,0,,M2
246,0,,M3
246,0,,W
247,0,,0
247,0,,1
247,0,,2
247,0,,3
247,0,,M1
247,0,,M2
247,0,,M3
248,0,,0
248,0,,1
248,0,,2
248,0,,3
248,0,,M1
248,0,,M2
248,0,,W
249,0,,0
249,0,,1
249,0,,2
249,0,,3
249,0,,M1
249,0,,M3
249,0,,W
250,0,,0
250,0,,1
250,0,,2
250,0,,3
250,0,,M2
250,0,,M3
250,0,,W
251,0,,0
251,0,,1
251,0,,2
251,0,,M1
251,0,,M2
251,0,,M3
251,0,,W
252,0,,0
252,0,,1
252,0,,3
252,0,,M1
252,0,,M2
252,0,,M3
252,0,,W
253,0,,0
253,0,,2
253,0,,3
253,0,,M1
253,0,,M2
253,0,,M3
253,0,,W
254,0,,1
254,0,,2
254,0,,3
254,0,,M1
254,0,,M2
254,0,,M3
254,0,,W
255,0,,0
255,0,,1
255,0,,2
255,0,,3
255,0,,M1
255,0,,M2
255,0,,M3
255,0,,W
256,1,,0
257,1,,1
258,1,,2
259,1,,3
260,1,,M1
261,1,,M2
262,1,,M3
263,1,,W
264,1,,0
264,1,,1
265,1,,0
265,1,,2
266,1,,0
266,1,,3
267,1,,0
267,1,,M1
268,1,,0
268,1,,M2
269,1,,0
269,1,,M3
270,1,,0
270,1,,W
271,1,,1
271,1,,2
272,1,,1
272,1,,3
273,1,,1
273,1,,M1
274,1,,1
274,1,,M2
275,1,,1
275,1,,M3
276,1,,1
276,1,,W
277,1,,2
277,1,,3
278,1,,2
278,1,,M1
279,1,,2
279,1,,M2
280,1,,2
280,1,,M3
281,1,,2
281,1,,W
282,1,,3
282,1,,M1
283,1,,3
283,1,,M2
284,1,,3
284,1,,M3
285,1,,3
285,1,,W
286,1,,M1
286,1,,M2
287,1,,M1
287,1,,M3
288,1,,M1
288,1,,W
289,1,,M2
289,1,,M3
290,1,,M2
290,1,,W
291,1,,M3
291,1,,W
292,1,,0
292,1,,1
292,1,,2
293,1,,0
293,1,,1
293,1,,3
294,1,,0
294,1,,1
294,1,,M1
295,1,,0
295,1,,1
295,1,,M2
296,1,,0
296,1,,1
296,1,,M3
297,1,,0
297,1,,1
297,1,,W
298,1,,0
298,1,,2
298,1,,3
299,1,,0
299,1,,2
299,1,,M1
300,1,,0
300,1,,2
300,1,,M2
301,1,,0
301,1,,2
301,1,,M3
302,1,,0
302,1,,2
302,1,,W
303,1,,0
303,1,,3
303,1,,M1
304,1,,0
304,1,,3
304,1,,M2
305,1,,0
305,1,,3
305,1,,M3
306,1,,0
306,1,,3
306,1,,W
307,1,,0
307,1,,M1
307,1,,M2
308,1,,0
308,1,,M1
308,1,,M3
309,1,,0
309,1,,M1
309,1,,W
310,1,,0
310,1,,M2
310,1,,M3
311,1,,0
311,1,,M2
311,1,,W
312,1,,0
312,1,,M3
312,1,,W
313,1,,1
313,1,,2
313,1,,3
314,1,,1
314,1,,2
314,1,,M1
315,1,,1
315,1,,2
315,1,,M2
316,1,,1
316,1,,2
316,1,,M3
317,1,,1
317,1,,2
317,1,,W
318,1,,1
318,1,,3
318,1,,M1
319,1,,1
319,1,,3
319,1,,M2
320,1,,1
320,1,,3
320,1,,M3
321,1,,1
321,1,,3
321,1,,W
322,1,,1
322,1,,M1
322,1,,M2
323,1,,1
323,1,,M1
323,1,,M3
324,1,,1
324,1,,M1
324,1,,W
325,1,,1
325,1,,M2
325,1,,M3
326,1,,1
326,1,,M2
326,1,,W
327,1,,1
327,1,,M3
327,1,,W
328,1,,2
328,1,,3
328,1,,M1
329,1,,2
329,1,,3
329,1,,M2
330,1,,2
330,1,,3
330,1,,M3
331,1,,2
331,1,,3
331,1,,W
332,1,,2
332,1,,M1
332,1,,M2
333,1,,2
333,1,,M1
333,1,,M3
334,1,,2
334,1,,M1
334,1,,W
335,1,,2
335,1,,M2
335,1,,M3
336,1,,2
336,1,,M2
336,1,,W
337,1,,2
337,1,,M3
337,1,,W
338,1,,3
338,1,,M1
338,1,,M2
339,1,,3
339,1,,M1
339,1,,M3
340,1,,3
340,1,,M1
340,1,,W
341,1,,3
341,1,,M2
341,1,,M3
342,1,,3
342,1,,M2
342,1,,W
343,1,,3
343,1,,M3
343,1,,W
344,1,,M1
344,1,,M2
344,1,,M3
345,1,,M1
345,1,,M2
345,1,,W
346,1,,M1
346,1,,M3
346,1,,W
347,1,,M2
347,1,,M3
347,1,,W
348,1,,0
348,1,,1
348,1,,2
348,1,,3
349,1,,0
349,1,,1
349,1,,2
349,1,,M1
350,1,,0
350,1,,1
350,1,,2
350,1,,M2
351,1,,0
351,1,,1
351,1,,2
351,1,,M3
352,1,,0
352,1,,1
352,1,,2
352,1,,W
353,1,,0
353,1,,1
353,1,,3
353,1,,M1
354,1,,0
354,1,,1
354,1,,3
354,1,,M2
355,1,,0
355,1,,1
355,1,,3
355,1,,M3
356,1,,0
356,1,,1
356,1,,3
356,1,,W
357,1,,0
357,1,,1
357,1,,M1
357,1,,M2
358,1,,0
358,1,,1
358,1,,M1
358,1,,M3
359,1,,0
359,1,,1
359,1,,M1
359,1,,W
360,1,,0
360,1,,1
360,1,,M2
360,1,,M3
361,1,,0
361,1,,1
361,1,,M2
361,1,,W
362,1,,0
362,1,,1
362,1,,M3
362,1,,W
363,1,,0
363,1,,2
363,1,,3
363,1,,M1
364,1,,0
364,1,,2
364,1,,3
364,1,,M2
365,1,,0
365,1,,2
365,1,,3
365,1,,M3
366,1,,0
366,1,,2
366,1,,3
366,1,,W
367,1,,0
367,1,,2
367,1,,M1
367,1,,M2
368,1,,0
368,1,,2
368,1,,M1
368,1,,M3
369,1,,0
369,1,,2
369,1,,M1
369,1,,W
370,1,,0
370,1,,2
370,1,,M2
370,1,,M3
371,1,,0
371,1,,2
371,1,,M2
371,1,,W
372,1,,0
372,1,,2
372,1,,M3
372,1,,W
373,1,,0
373,1,,3
373,1,,M1
373,1,,M2
374,1,,0
374,1,,3
374,1,,M1
374,1,,M3
375,1,,0
375,1,,3
375,1,,M1
375,1,,W
376,1,,0
376,1,,3
376,1,,M2
376,1,,M3
377,1,,0
377,1,,3
377,1,,M2
377,1,,W
378,1,,0
378,1,,3
378,1,,M3
378,1,,W
379,1,,0
379,1,,M1
379,1,,M2
379,1,,M3
380,1,,0
380,1,,M1
380,1,,M2
380,1,,W
381,1,,0
381,1,,M1
381,1,,M3
381,1,,W
382,1,,0
382,1,,M2
382,1,,M3
382,1,,W
383,1,,1
383,1,,2
383,1,,3
383,1,,M1
384,1,,1
384,1,,2
384,1,,3
384,1,,M2
385,1,,1
385,1,,2
385,1,,3
385,1,,M3
386,1,,1
386,1,,2
386,1,,3
386,1,,W
387,1,,1
387,1,,2
387,1,,M1
387,1,,M2
388,1,,1
388,1,,2
388,1,,M1
388,1,,M3
389,1,,1
389,1,,2
389,1,,M1
389,1,,W
390,1,,1
390,1,,2
390,1,,M2
390,1,,M3
391,1,,1
391,1,,2
391,1,,M2
391,1,,W
392,1,,1
392,1,,2
392,1,,M3
392,1,,W
393,1,,1
393,1,,3
393,1,,M1
393,1,,M2
394,1,,1
394,1,,3
394,1,,M1
394,1,,M3
395,1,,1
395,1,,3
395,1,,M1
395,1,,W
396,1,,1
396,1,,3
396,1,,M2
396,1,,M3
397,1,,1
397,1,,3
397,1,,M2
397,1,,W
398,1,,1
398,1,,3
398,1,,M3
398,1,,W
399,1,,1
399,1,,M1
399,1,,M2
399,1,,M3
400,1,,1
400,1,,M1
400,1,,M2
400,1,,W
401,1,,1
401,1,,M1
401,1,,M3
401,1,,W
402,1,,1
402,1,,M2
402,1,,M3
402,1,,W
403,1,,2
403,1,,3
403,1,,M1
403,1,,M2
404,1,,2
404,1,,3
404,1,,M1
404,1,,M3
405,1,,2
405,1,,3
405,1,,M1
405,1,,W
406,1,,2
406,1,,3
406,1,,M2
406,1,,M3
407,1,,2
407,1,,3
407,1,,M2
407,1,,W
408,1,,2
408,1,,3
408,1,,M3
408,1,,W
409,1,,2
409,1,,M1
409,1,,M2
409,1,,M3
410,1,,2
410,1,,M1
410,1,,M2
410,1,,W
411,1,,2
411,1,,M1
411,1,,M3
411,1,,W
412,1,,2
412,1,,M2
412,1,,M3
412,1,,W
413,1,,3
413,1,,M1
413,1,,M2
413,1,,M3
414,1,,3
414,1,,M1
414,1,,M2
414,1,,W
415,1,,3
415,1,,M1
415,1,,M3
415,1,,W
416,1,,3
416,1,,M2
416,1,,M3
416,1,,W
417,1,,M1
417,1,,M2
417,1,,M3
417,1,,W
418,1,,0
418,1,,1
418,1,,2
418,1,,3
418,1,,M1
419,1,,0
419,1,,1
419,1,,2
419,1,,3
419,1,,M2
420,1,,0
420,1,,1
420,1,,2
420,1,,3
420,1,,M3
421,1,,0
421,1,,1
421,1,,2
421,1,,3
421,1,,W
422,1,,0
422,1,,1
422,1,,2
422,1,,M1
422,1,,M2
423,1,,0
423,1,,1
423,1,,2
423,1,,M1
423,1,,M3
424,1,,0
424,1,,1
424,1,,2
424,1,,M1
424,1,,W
425,1,,0
425,1,,1
425,1,,2
425,1,,M2
425,1,,M3
426,1,,0
426,1,,1
426,1,,2
426,1,,M2
426,1,,W
427,1,,0
427,1,,1
427,1,,2
427,1,,M3
427,1,,W
428,1,,0
428,1,,1
428,1,,3
428,1,,M1
428,1,,M2
429,1,,0
429,1,,1
429,1,,3
429,1,,M1
429,1,,M3
430,1,,0
430,1,,1
430,1,,3
430,1,,M1
430,1,,W
431,1,,0
431,1,,1
431,1,,3
431,1,,M2
431,1,,M3
432,1,,0
432,1,,1
432,1,,3
432,1,,M2
432,1,,W
433,1,,0
433,1,,1
433,1,,3
433,1,,M3
433,1,,W
434,1,,0
434,1,,1
434,1,,M1
434,1,,M2
434,1,,M3
435,1,,0
435,1,,1
435,1,,M1
435,1,,M2
435,1,,W
436,1,,0
436,1,,1
436,1,,M1
436,1,,M3
436,1,,W
437,1,,0
437,1,,1
437,1,,M2
437,1,,M3
437,1,,W
438,1,,0
438,1,,2
438,1,,3
438,1,,M1
438,1,,M2
439,1,,0
439,1,,2
439,1,,3
439,1,,M1
439,1,,M3
440,1,,0
440,1,,2
440,1,,3
440,1,,M1
440,1,,W
441,1,,0
441,1,,2
441,1,,3
441,1,,M2
441,1,,M3
442,1,,0
442,1,,2
442,1,,3
442,1,,M2
442,1,,W
443,1,,0
443,1,,2
443,1,,3
443,1,,M3
443,1,,W
444,1,,0
444,1,,2
444,1,,M1
444,1,,M2
444,1,,M3
445,1,,0
445,1,,2
445,1,,M1
445,1,,M2
445,1,,W
446,1,,0
446,1,,2
446,1,,M1
446,1,,M3
446,1,,W
447,1,,0
447,1,,2
447,1,,M2
447,1,,M3
447,1,,W
448,1,,0
448,1,,3
448,1,,M1
448,1,,M2
448,1,,M3
449,1,,0
449,1,,3
449,1,,M1
449,1,,M2
449,1,,W
450,1,,0
450,1,,3
450,1,,M1
450,1,,M3
450,1,,W
451,1,,0
451,1,,3
451,1,,M2
451,1,,M3
451,1,,W
452,1,,0
452,1,,M1
452,1,,M2
452,1,,M3
452,1,,W
453,1,,1
453,1,,2
453,1,,3
453,1,,M1
453,1,,M2
454,1,,1
454,1,,2
454,1,,3
454,1,,M1
454,1,,M3
455,1,,1
455,1,,2
455,1,,3
455,1,,M1
455,1,,W
456,1,,1
456,1,,2
456,1,,3
456,1,,M2
456,1,,M3
457,1,,1
457,1,,2
457,1,,3
457,1,,M2
457,1,,W
458,1,,1
458,1,,2
458,1,,3
458,1,,M3
458,1,,W
459,1,,1
459,1,,2
459,1,,M1
459,1,,M2
459,1,,M3
460,1,,1
460,1,,2
460,1,,M1
460,1,,M2
460,1,,W
461,1,,1
461,1,,2
461,1,,M1
461,1,,M3
461,1,,W
462,1,,1
462,1,,2
462,1,,M2
462,1,,M3
462,1,,W
463,1,,1
463,1,,3
463,1,,M1
463,1,,M2
463,1,,M3
464,1,,1
464,1,,3
464,1,,M1
464,1,,M2
464,1,,W
465,1,,1
465,1,,3
465,1,,M1
465,1,,M3
465,1,,W
466,1,,1
466,1,,3
466,1,,M2
466,1,,M3
466,1,,W
467,1,,1
467,1,,M1
467,1,,M2
467,1,,M3
467,1,,W
468,1,,2
468,1,,3
468,1,,M1
468,1,,M2
468,1,,M3
469,1,,2
469,1,,3
469,1,,M1
469,1,,M2
469,1,,W
470,1,,2
470,1,,3
470,1,,M1
470,1,,M3
470,1,,W
471,1,,2
471,1,,3
471,1,,M2
471,1,,M3
471,1,,W
472,1,,2
472,1,,M1
472,1,,M2
472,1,,M3
472,1,,W
473,1,,3
473,1,,M1
473,1,,M2
473,1,,M3
473,1,,W
474,1,,0
474,1,,1
474,1,,2
474,1,,3
474,1,,M1
474,1,,M2
475,1,,0
475,1,,1
475,1,,2
475,1,,3
475,1,,M1
475,1,,M3
476,1,,0
476,1,,1
476,1,,2
476,1,,3
476,1,,M1
476,1,,W
477,1,,0
477,1,,1
477,1,,2
477,1,,3
477,1,,M2
477,1,,M3
478,1,,0
478,1,,1
478,1,,2
478,1,,3
478,1,,M2
478,1,,W
479,1,,0
479,1,,1
479,1,,2
479,1,,3
479,1,,M3
479,1,,W
480,1,,0
480,1,,1
480,1,,2
480,1,,M1
480,1,,M2
480,1,,M3
481,1,,0
481,1,,1
481,1,,2
481,1,,M1
481,1,,M2
481,1,,W
482,1,,0
482,1,,1
482,1,,2
482,1,,M1
482,1,,M3
482,1,,W
483,1,,0
483,1,,1
483,1,,2
483,1,,M2
483,1,,M3
483,1,,W
484,1,,0
484,1,,1
484,1,,3
484,1,,M1
484,1,,M2
484,1,,M3
485,1,,0
485,1,,1
485,1,,3
485,1,,M1
485,1,,M2
485,1,,W
486,1,,0
486,1,,1
486,1,,3
486,1,,M1
486,1,,M3
486,1,,W
487,1,,0
487,1,,1
487,1,,3
487,1,,M2
487,1,,M3
487,1,,W
488,1,,0
488,1,,1
488,1,,M1
488,1,,M2
488,1,,M3
488,1,,W
489,1,,0
489,1,,2
489,1,,3
489,1,,M1
489,1,,M2
489,1,,M3
490,1,,0
490,1,,2
490,1,,3
490,1,,M1
490,1,,M2
490,1,,W
491,1,,0
491,1,,2
491,1,,3
491,1,,M1
491,1,,M3
491,1,,W
492,1,,0
492,1,,2
492,1,,3
492,1,,M2
492,1,,M3
492,1,,W
493,1,,0
493,1,,2
493,1,,M1
493,1,,M2
493,1,,M3
493,1,,W
494,1,,0
494,1,,3
494,1,,M1
494,1,,M2
494,1,,M3
494,1,,W
495,1,,1
495,1,,2
495,1,,3
495,1,,M1
495,1,,M2
495,1,,M3
496,1,,1
496,1,,2
496,1,,3
496,1,,M1
496,1,,M2
496,1,,W
497,1,,1
497,1,,2
497,1,,3
497,1,,M1
497,1,,M3
497,1,,W
498,1,,1
498,1,,2
498,1,,3
498,1,,M2
498,1,,M3
498,1,,W
499,1,,1
499,1,,2
499,1,,M1
499,1,,M2
499,1,,M3
499,1,,W
500,1,,1
500,1,,3
500,1,,M1
500,1,,M2
500,1,,M3
500,1,,W
501,1,,2
501,1,,3
501,1,,M1
501,1,,M2
501,1,,M3
501,1,,W
502,1,,0
502,1,,1
502,1,,2
502,1,,3
502,1,,M1
502,1,,M2
502,1,,M3
503,1,,0
503,1,,1
503,1,,2
503,1,,3
503,1,,M1
503,1,,M2
503,1,,W
504,1,,0
504,1,,1
504,1,,2
504,1,,3
504,1,,M1
504,1,,M3
504,1,,W
505,1,,0
505,1,,1
505,1,,2
505,1,,3
505,1,,M2
505,1,,M3
505,1,,W
506,1,,0
506,1,,1
506,1,,2
506,1,,M1
506,1,,M2
506,1,,M3
506,1,,W
507,1,,0
507,1,,1
507,1,,3
507,1,,M1
507,1,,M2
507,1,,M3
507,1,,W
508,1,,0
508,1,,2
508,1,,3
508,1,,M1
508,1,,M2
508,1,,M3
508,1,,W
509,1,,1
509,1,,2
509,1,,3
509,1,,M1
509,1,,M2
509,1,,M3
509,1,,W
510,1,,0
510,1,,1
510,1,,2
510,1,,3
510,1,,M1
510,1,,M2
510,1,,M3
510,1,,W
511,2,,0
512,2,,1
513,2,,2
514,2,,3
515,2,,M1
516,2,,M2
517,2,,M3
518,2,,W
519,2,,0
519,2,,1
520,2,,0
520,2,,2
521,2,,0
521,2,,3
522,2,,0
522,2,,M1
523,2,,0
523,2,,M2
524,2,,0
524,2,,M3
525,2,,0
525,2,,W
526,2,,1
526,2,,2
527,2,,1
527,2,,3
528,2,,1
528,2,,M1
529,2,,1
529,2,,M2
530,2,,1
530,2,,M3
531,2,,1
531,2,,W
532,2,,2
532,2,,3
533,2,,2
533,2,,M1
534,2,,2
534,2,,M2
535,2,,2
535,2,,M3
536,2,,2
536,2,,W
537,2,,3
537,2,,M1
538,2,,3
538,2,,M2
539,2,,3
539,2,,M3
540,2,,3
540,2,,W
541,2,,M1
541,2,,M2
542,2,,M1
542,2,,M3
543,2,,M1
543,2,,W
544,2,,M2
544,2,,M3
545,2,,M2
545,2,,W
546,2,,M3
546,2,,W
547,2,,0
547,2,,1
547,2,,2
548,2,,0
548,2,,1
548,2,,3
549,2,,0
549,2,,1
549,2,,M1
550,2,,0
550,2,,1
550,2,,M2
551,2,,0
551,2,,1
551,2,,M3
552,2,,0
552,2,,1
552,2,,W
553,2,,0
553,2,,2
553,2,,3
554,2,,0
554,2,,2
554,2,,M1
555,2,,0
555,2,,2
555,2,,M2
556,2,,0
556,2,,2
556,2,,M3
557,2,,0
557,2,,2
557,2,,W
558,2,,0
558,2,,3
558,2,,M1
559,2,,0
559,2,,3
559,2,,M2
560,2,,0
560,2,,3
560,2,,M3
561,2,,0
561,2,,3
561,2,,W
562,2,,0
562,2,,M1
562,2,,M2
563,2,,0
563,2,,M1
563,2,,M3
564,2,,0
564,2,,M1
564,2,,W
565,2,,0
565,2,,M2
565,2,,M3
566,2,,0
566,2,,M2
566,2,,W
567,2,,0
567,2,,M3
567,2,,W
568,2,,1
568,2,,2
568,2,,3
569,2,,1
569,2,,2
569,2,,M1
570,2,,1
570,2,,2
570,2,,M2
571,2,,1
571,2,,2
571,2,,M3
572,2,,1
572,2,,2
572,2,,W
573,2,,1
573,2,,3
573,2,,M1
574,2,,1
574,2,,3
574,2,,M2
575,2,,1
575,2,,3
575,2,,M3
576,2,,1
576,2,,3
576,2,,W
577,2,,1
577,2,,M1
577,2,,M2
578,2,,1
578,2,,M1
578,2,,M3
579,2,,1
579,2,,M1
579,2,,W
580,2,,1
580,2,,M2
580,2,,M3
581,2,,1
581,2,,M2
581,2,,W
582,2,,1
582,2,,M3
582,2,,W
583,2,,2
583,2,,3
583,2,,M1
584,2,,2
584,2,,3
584,2,,M2
585,2,,2
585,2,,3
585,2,,M3
586,2,,2
586,2,,3
586,2,,W
587,2,,2
587,2,,M1
587,2,,M2
588,2,,2
588,2,,M1
588,2,,M3
589,2,,2
589,2,,M1
589,2,,W
590,2,,2
590,2,,M2
590,2,,M3
591,2,,2
591,2,,M2
591,2,,W
592,2,,2
592,2,,M3
592,2,,W
593,2,,3
593,2,,M1
593,2,,M2
594,2,,3
594,2,,M1
594,2,,M3
595,2,,3
595,2,,M1
595,2,,W
596,2,,3
596,2,,M2
596,2,,M3
597,2,,3
597,2,,M2
597,2,,W
598,2,,3
598,2,,M3
598,2,,W
599,2,,M1
599,2,,M2
599,2,,M3
600,2,,M1
600,2,,M2
600,2,,W
601,2,,M1
601,2,,M3
601,2,,W
602,2,,M2
602,2,,M3
602,2,,W
603,2,,0
603,2,,1
603,2,,2
603,2,,3
604,2,,0
604,2,,1
604,2,,2
604,2,,M1
605,2,,0
605,2,,1
605,2,,2
605,2,,M2
606,2,,0
606,2,,1
606,2,,2
606,2,,M3
607,2,,0
607,2,,1
607,2,,2
607,2,,W
608,2,,0
608,2,,1
608,2,,3
608,2,,M1
609,2,,0
609,2,,1
609,2,,3
609,2,,M2
610,2,,0
610,2,,1
610,2,,3
610,2,,M3
611,2,,0
611,2,,1
611,2,,3
611,2,,W
612,2,,0
612,2,,1
612,2,,M1
612,2,,M2
613,2,,0
613,2,,1
613,2,,M1
613,2,,M3
614,2,,0
614,2,,1
614,2,,M1
614,2,,W
615,2,,0
615,2,,1
615,2,,M2
615,2,,M3
616,2,,0
616,2,,1
616,2,,M2
616,2,,W
617,2,,0
617,2,,1
617,2,,M3
617,2,,W
618,2,,0
618,2,,2
618,2,,3
618,2,,M1
619,2,,0
619,2,,2
619,2,,3
619,2,,M2
620,2,,0
620,2,,2
620,2,,3
620,2,,M3
621,2,,0
621,2,,2
621,2,,3
621,2,,W
622,2,,0
622,2,,2
622,2,,M1
622,2,,M2
623,2,,0
623,2,,2
623,2,,M1
623,2,,M3
624,2,,0
624,2,,2
624,2,,M1
624,2,,W
625,2,,0
625,2,,2
625,2,,M2
625,2,,M3
626,2,,0
626,2,,2
626,2,,M2
626,2,,W
627,2,,0
627,2,,2
627,2,,M3
627,2,,W
628,2,,0
628,2,,3
628,2,,M1
628,2,,M2
629,2,,0
629,2,,3
629,2,,M1
629,2,,M3
630,2,,0
630,2,,3
630,2,,M1
630,2,,W
631,2,,0
631,2,,3
631,2,,M2
631,2,,M3
632,2,,0
632,2,,3
632,2,,M2
632,2,,W
633,2,,0
633,2,,3
633,2,,M3
633,2,,W
634,2,,0
634,2,,M1
634,2,,M2
634,2,,M3
635,2,,0
635,2,,M1
635,2,,M2
635,2,,W
636,2,,0
636,2,,M1
636,2,,M3
636,2,,W
637,2,,0
637,2,,M2
637,2,,M3
637,2,,W
638,2,,1
638,2,,2
638,2,,3
638,2,,M1
639,2,,1
639,2,,2
639,2,,3
639,2,,M2
640,2,,1
640,2,,2
640,2,,3
640,2,,M3
641,2,,1
641,2,,2
641,2,,3
641,2,,W
642,2,,1
642,2,,2
642,2,,M1
642,2,,M2
643,2,,1
643,2,,2
643,2,,M1
643,2,,M3
644,2,,1
644,2,,2
644,2,,M1
644,2,,W
645,2,,1
645,2,,2
645,2,,M2
645,2,,M3
646,2,,1
646,2,,2
646,2,,M2
646,2,,W
647,2,,1
647,2,,2
647,2,,M3
647,2,,W
648,2,,1
648,2,,3
648,2,,M1
648,2,,M2
649,2,,1
649,2,,3
649,2,,M1
649,2,,M3
650,2,,1
650,2,,3
650,2,,M1
650,2,,W
651,2,,1
651,2,,3
651,2,,M2
651,2,,M3
652,2,,1
652,2,,3
652,2,,M2
652,2,,W
653,2,,1
653,2,,3
653,2,,M3
653,2,,W
654,2,,1
654,2,,M1
654,2,,M2
654,2,,M3
655,2,,1
655,2,,M1
655,2,,M2
655,2,,W
656,2,,1
656,2,,M1
656,2,,M3
656,2,,W
657,2,,1
657,2,,M2
657,2,,M3
657,2,,W
658,2,,2
658,2,,3
658,2,,M1
658,2,,M2
659,2,,2
659,2,,3
659,2,,M1
659,2,,M3
660,2,,2
660,2,,3
660,2,,M1
660,2,,W
661,2,,2
661,2,,3
661,2,,M2
661,2,,M3
662,2,,2
662,2,,3
662,2,,M2
662,2,,W
663,2,,2
663,2,,3
663,2,,M3
663,2,,W
664,2,,2
664,2,,M1
664,2,,M2
664,2,,M3
665,2,,2
665,2,,M1
665,2,,M2
665,2,,W
666,2,,2
666,2,,M1
666,2,,M3
666,2,,W
667,2,,2
667,2,,M2
667,2,,M3
667,2,,W
668,2,,3
668,2,,M1
668,2,,M2
668,2,,M3
669,2,,3
669,2,,M1
669,2,,M2
669,2,,W
670,2,,3
670,2,,M1
670,2,,M3
670,2,,W
671,2,,3
671,2,,M2
671,2,,M3
671,2,,W
672,2,,M1
672,2,,M2
672,2,,M3
672,2,,W
673,2,,0
673,2,,1
673,2,,2
673,2,,3
673,2,,M1
674,2,,0
674,2,,1
674,2,,2
674,2,,3
674,2,,M2
675,2,,0
675,2,,1
675,2,,2
675,2,,3
675,2,,M3
676,2,,0
676,2,,1
676,2,,2
676,2,,3
676,2,,W
677,2,,0
677,2,,1
677,2,,2
677,2,,M1
677,2,,M2
678,2,,0
678,2,,1
678,2,,2
678,2,,M1
678,2,,M3
679,2,,0
679,2,,1
679,2,,2
679,2,,M1
679,2,,W
680,2,,0
680,2,,1
680,2,,2
680,2,,M2
680,2,,M3
681,2,,0
681,2,,1
681,2,,2
681,2,,M2
681,2,,W
682,2,,0
682,2,,1
682,2,,2
682,2,,M3
682,2,,W
683,2,,0
683,2,,1
683,2,,3
683,2,,M1
683,2,,M2
684,2,,0
684,2,,1
684,2,,3
684,2,,M1
684,2,,M3
685,2,,0
685,2,,1
685,2,,3
685,2,,M1
685,2,,W
686,2,,0
686,2,,1
686,2,,3
686,2,,M2
686,2,,M3
687,2,,0
687,2,,1
687,2,,3
687,2,,M2
687,2,,W
688,2,,0
688,2,,1
688,2,,3
688,2,,M3
688,2,,W
689,2,,0
689,2,,1
689,2,,M1
689,2,,M2
689,2,,M3
690,2,,0
690,2,,1
690,2,,M1
690,2,,M2
690,2,,W
691,2,,0
691,2,,1
691,2,,M1
691,2,,M3
691,2,,W
692,2,,0
692,2,,1
692,2,,M2
692,2,,M3
692,2,,W
693,2,,0
693,2,,2
693,2,,3
693,2,,M1
693,2,,M2
694,2,,0
694,2,,2
694,2,,3
694,2,,M1
694,2,,M3
695,2,,0
695,2,,2
695,2,,3
695,2,,M1
695,2,,W
696,2,,0
696,2,,2
696,2,,3
696,2,,M2
696,2,,M3
697,2,,0
697,2,,2
697,2,,3
697,2,,M2
697,2,,W
698,2,,0
698,2,,2
698,2,,3
698,2,,M3
698,2,,W
699,2,,0
699,2,,2
699,2,,M1
699,2,,M2
699,2,,M3
700,2,,0
700,2,,2
700,2,,M1
700,2,,M2
700,2,,W
701,2,,0
701,2,,2
701,2,,M1
701,2,,M3
701,2,,W
702,2,,0
702,2,,2
702,2,,M2
702,2,,M3
702,2,,W
703,2,,0
703,2,,3
703,2,,M1
703,2,,M2
703,2,,M3
704,2,,0
704,2,,3
704,2,,M1
704,2,,M2
704,2,,W
705,2,,0
705,2,,3
705,2,,M1
705,2,,M3
705,2,,W
706,2,,0
706,2,,3
706,2,,M2
706,2,,M3
706,2,,W
707,2,,0
707,2,,M1
707,2,,M2
707,2,,M3
707,2,,W
708,2,,1
708,2,,2
708,2,,3
708,2,,M1
708,2,,M2
709,2,,1
709,2,,2
709,2,,3
709,2,,M1
709,2,,M3
710,2,,1
710,2,,2
710,2,,3
710,2,,M1
710,2,,W
711,2,,1
711,2,,2
711,2,,3
711,2,,M2
711,2,,M3
712,2,,1
712,2,,2
712,2,,3
712,2,,M2
712,2,,W
713,2,,1
713,2,,2
713,2,,3
713,2,,M3
713,2,,W
714,2,,1
714,2,,2
714,2,,M1
714,2,,M2
714,2,,M3
715,2,,1
715,2,,2
715,2,,M1
715,2,,M2
715,2,,W
716,2,,1
716,2,,2
716,2,,M1
716,2,,M3
716,2,,W
717,2,,1
717,2,,2
717,2,,M2
717,2,,M3
717,2,,W
718,2,,1
718,2,,3
718,2,,M1
718,2,,M2
718,2,,M3
719,2,,1
719,2,,3
719,2,,M1
719,2,,M2
719,2,,W
720,2,,1
720,2,,3
720,2,,M1
720,2,,M3
720,2,,W
721,2,,1
721,2,,3
721,2,,M2
721,2,,M3
721,2,,W
722,2,,1
722,2,,M1
722,2,,M2
722,2,,M3
722,2,,W
723,2,,2
723,2,,3
723,2,,M1
723,2,,M2
723,2,,M3
724,2,,2
724,2,,3
724,2,,M1
724,2,,M2
724,2,,W
725,2,,2
725,2,,3
725,2,,M1
725,2,,M3
725,2,,W
726,2,,2
726,2,,3
726,2,,M2
726,2,,M3
726,2,,W
727,2,,2
727,2,,M1
727,2,,M2
727,2,,M3
727,2,,W
728,2,,3
728,2,,M1
728,2,,M2
728,2,,M3
728,2,,W
729,2,,0
729,2,,1
729,2,,2
729,2,,3
729,2,,M1
729,2,,M2
730,2,,0
730,2,,1
730,2,,2
730,2,,3
730,2,,M1
730,2,,M3
731,2,,0
731,2,,1
731,2,,2
731,2,,3
731,2,,M1
731,2,,W
732,2,,0
732,2,,1
732,2,,2
732,2,,3
732,2,,M2
732,2,,M3
733,2,,0
733,2,,1
733,2,,2
733,2,,3
733,2,,M2
733,2,,W
734,2,,0
734,2,,1
734,2,,2
734,2,,3
734,2,,M3
734,2,,W
735,2,,0
735,2,,1
735,2,,2
735,2,,M1
735,2,,M2
735,2,,M3
736,2,,0
736,2,,1
736,2,,2
736,2,,M1
736,2,,M2
736,2,,W
737,2,,0
737,2,,1
737,2,,2
737,2,,M1
737,2,,M3
737,2,,W
738,2,,0
738,2,,1
738,2,,2
738,2,,M2
738,2,,M3
738,2,,W
739,2,,0
739,2,,1
739,2,,3
739,2,,M1
739,2,,M2
739,2,,M3
740,2,,0
740,2,,1
740,2,,3
740,2,,M1
740,2,,M2
740,2,,W
741,2,,0
741,2,,1
741,2,,3
741,2,,M1
741,2,,M3
741,2,,W
742,2,,0
742,2,,1
742,2,,3
742,2,,M2
742,2,,M3
742,2,,W
743,2,,0
743,2,,1
743,2,,M1
743,2,,M2
743,2,,M3
743,2,,W
744,2,,0
744,2,,2
744,2,,3
744,2,,M1
744,2,,M2
744,2,,M3
745,2,,0
745,2,,2
745,2,,3
745,2,,M1
745,2,,M2
745,2,,W
746,2,,0
746,2,,2
746,2,,3
746,2,,M1
746,2,,M3
746,2,,W
747,2,,0
747,2,,2
747,2,,3
747,2,,M2
747,2,,M3
747,2,,W
748,2,,0
748,2,,2
748,2,,M1
748,2,,M2
748,2,,M3
748,2,,W
749,2,,0
749,2,,3
749,2,,M1
749,2,,M2
749,2,,M3
749,2,,W
750,2,,1
750,2,,2
750,2,,3
750,2,,M1
750,2,,M2
750,2,,M3
751,2,,1
751,2,,2
751,2,,3
751,2,,M1
751,2,,M2
751,2,,W
752,2,,1
752,2,,2
752,2,,3
752,2,,M1
752,2,,M3
752,2,,W
753,2,,1
753,2,,2
753,2,,3
753,2,,M2
753,2,,M3
753,2,,W
754,2,,1
754,2,,2
754,2,,M1
754,2,,M2
754,2,,M3
754,2,,W
755,2,,1
755,2,,3
755,2,,M1
755,2,,M2
755,2,,M3
755,2,,W
756,2,,2
756,2,,3
756,2,,M1
756,2,,M2
756,2,,M3
756,2,,W
757,2,,0
757,2,,1
757,2,,2
757,2,,3
757,2,,M1
757,2,,M2
757,2,,M3
758,2,,0
758,2,,1
758,2,,2
758,2,,3
758,2,,M1
758,2,,M2
758,2,,W
759,2,,0
759,2,,1
759,2,,2
759,2,,3
759,2,,M1
759,2,,M3
759,2,,W
760,2,,0
760,2,,1
760,2,,2
760,2,,3
760,2,,M2
760,2,,M3
760,2,,W
761,2,,0
761,2,,1
761,2,,2
761,2,,M1
761,2,,M2
761,2,,M3
761,2,,W
762,2,,0
762,2,,1
762,2,,3
762,2,,M1
762,2,,M2
762,2,,M3
762,2,,W
763,2,,0
763,2,,2
763,2,,3
763,2,,M1
763,2,,M2
763,2,,M3
763,2,,W
764,2,,1
764,2,,2
764,2,,3
764,2,,M1
764,2,,M2
764,2,,M3
764,2,,W
765,2,,0
765,2,,1
765,2,,2
765,2,,3
765,2,,M1
765,2,,M2
765,2,,M3
765,2,,W
766,3,,0
767,3,,1
768,3,,2
769,3,,3
770,3,,M1
771,3,,M2
772,3,,M3
773,3,,W
774,3,,0
774,3,,1
775,3,,0
775,3,,2
776,3,,0
776,3,,3
777,3,,0
777,3,,M1
778,3,,0
778,3,,M2
779,3,,0
779,3,,M3
780,3,,0
780,3,,W
781,3,,1
781,3,,2
782,3,,1
782,3,,3
783,3,,1
783,3,,M1
784,3,,1
784,3,,M2
785,3,,1
785,3,,M3
786,3,,1
786,3,,W
787,3,,2
787,3,,3
788,3,,2
788,3,,M1
789,3,,2
789,3,,M2
790,3,,2
790,3,,M3
791,3,,2
791,3,,W
792,3,,3
792,3,,M1
793,3,,3
793,3,,M2
794,3,,3
794,3,,M3
795,3,,3
795,3,,W
796,3,,M1
796,3,,M2
797,3,,M1
797,3,,M3
798,3,,M1
798,3,,W
799,3,,M2
799,3,,M3
800,3,,M2
800,3,,W
801,3,,M3
801,3,,W
802,3,,0
802,3,,1
802,3,,2
803,3,,0
803,3,,1
803,3,,3
804,3,,0
804,3,,1
804,3,,M1
805,3,,0
805,3,,1
805,3,,M2
806,3,,0
806,3,,1
806,3,,M3
807,3,,0
807,3,,1
807,3,,W
808,3,,0
808,3,,2
808,3,,3
809,3,,0
809,3,,2
809,3,,M1
810,3,,0
810,3,,2
810,3,,M2
811,3,,0
811,3,,2
811,3,,M3
812,3,,0
812,3,,2
812,3,,W
813,3,,0
813,3,,3
813,3,,M1
814,3,,0
814,3,,3
814,3,,M2
815,3,,0
815,3,,3
815,3,,M3
816,3,,0
816,3,,3
816,3,,W
817,3,,0
817,3,,M1
817,3,,M2
818,3,,0
818,3,,M1
818,3,,M3
819,3,,0
819,3,,M1
819,3,,W
820,3,,0
820,3,,M2
820,3,,M3
821,3,,0
821,3,,M2
821,3,,W
822,3,,0
822,3,,M3
822,3,,W
823,3,,1
823,3,,2
823,3,,3
824,3,,1
824,3,,2
824,3,,M1
825,3,,1
825,3,,2
825,3,,M2
826,3,,1
826,3,,2
826,3,,M3
827,3,,1
827,3,,2
827,3,,W
828,3,,1
828,3,,3
828,3,,M1
829,3,,1
829,3,,3
829,3,,M2
830,3,,1
830,3,,3
830,3,,M3
831,3,,1
831,3,,3
831,3,,W
832,3,,1
832,3,,M1
832,3,,M2
833,3,,1
833,3,,M1
833,3,,M3
834,3,,1
834,3,,M1
834,3,,W
835,3,,1
835,3,,M2
835,3,,M3
836,3,,1
836,3,,M2
836,3,,W
837,3,,1
837,3,,M3
837,3,,W
838,3,,2
838,3,,3
838,3,,M1
839,3,,2
839,3,,3
839,3,,M2
840,3,,2
840,3,,3
840,3,,M3
841,3,,2
841,3,,3
841,3,,W
842,3,,2
842,3,,M1
842,3,,M2
843,3,,2
843,3,,M1
843,3,,M3
844,3,,2
844,3,,M1
844,3,,W
845,3,,2
845,3,,M2
845,3,,M3
846,3,,2
846,3,,M2
846,3,,W
847,3,,2
847,3,,M3
847,3,,W
848,3,,3
848,3,,M1
848,3,,M2
849,3,,3
849,3,,M1
849,3,,M3
850,3,,3
850,3,,M1
850,3,,W
851,3,,3
851,3,,M2
851,3,,M3
852,3,,3
852,3,,M2
852,3,,W
853,3,,3
853,3,,M3
853,3,,W
854,3,,M1
854,3,,M2
854,3,,M3
855,3,,M1
855,3,,M2
855,3,,W
856,3,,M1
856,3,,M3
856,3,,W
857,3,,M2
857,3,,M3
857,3,,W
858,3,,0
858,3,,1
858,3,,2
858,3,,3
859,3,,0
859,3,,1
859,3,,2
859,3,,M1
860,3,,0
860,3,,1
860,3,,2
860,3,,M2
861,3,,0
861,3,,1
861,3,,2
861,3,,M3
862,3,,0
862,3,,1
862,3,,2
862,3,,W
863,3,,0
863,3,,1
863,3,,3
863,3,,M1
864,3,,0
864,3,,1
864,3,,3
864,3,,M2
865,3,,0
865,3,,1
865,3,,3
865,3,,M3
866,3,,0
866,3,,1
866,3,,3
866,3,,W
867,3,,0
867,3,,1
867,3,,M1
867,3,,M2
868,3,,0
868,3,,1
868,3,,M1
868,3,,M3
869,3,,0
869,3,,1
869,3,,M1
869,3,,W
870,3,,0
870,3,,1
870,3,,M2
870,3,,M3
871,3,,0
871,3,,1
871,3,,M2
871,3,,W
872,3,,0
872,3,,1
872,3,,M3
872,3,,W
873,3,,0
873,3,,2
873,3,,3
873,3,,M1
874,3,,0
874,3,,2
874,3,,3
874,3,,M2
875,3,,0
875,3,,2
875,3,,3
875,3,,M3
876,3,,0
876,3,,2
876,3,,3
876,3,,W
877,3,,0
877,3,,2
877,3,,M1
877,3,,M2
878,3,,0
878,3,,2
878,3,,M1
878,3,,M3
879,3,,0
879,3,,2
879,3,,M1
879,3,,W
880,3,,0
880,3,,2
880,3,,M2
880,3,,M3
881,3,,0
881,3,,2
881,3,,M2
881,3,,W
882,3,,0
882,3,,2
882,3,,M3
882,3,,W
883,3,,0
883,3,,3
883,3,,M1
883,3,,M2
884,3,,0
884,3,,3
884,3,,M1
884,3,,M3
885,3,,0
885,3,,3
885,3,,M1
885,3,,W
886,3,,0
886,3,,3
886,3,,M2
886,3,,M3
887,3,,0
887,3,,3
887,3,,M2
887,3,,W
888,3,,0
888,3,,3
888,3,,M3
888,3,,W
889,3,,0
889,3,,M1
889,3,,M2
889,3,,M3
890,3,,0
890,3,,M1
890,3,,M2
890,3,,W
891,3,,0
891,3,,M1
891,3,,M3
891,3,,W
892,3,,0
892,3,,M2
892,3,,M3
892,3,,W
893,3,,1
893,3,,2
893,3,,3
893,3,,M1
894,3,,1
894,3,,2
894,3,,3
894,3,,M2
895,3,,1
895,3,,2
895,3,,3
895,3,,M3
896,3,,1
896,3,,2
896,3,,3
896,3,,W
897,3,,1
897,3,,2
897,3,,M1
897,3,,M2
898,3,,1
898,3,,2
898,3,,M1
898,3,,M3
899,3,,1
899,3,,2
899,3,,M1
899,3,,W
900,3,,1
900,3,,2
900,3,,M2
900,3,,M3
901,3,,1
901,3,,2
901,3,,M2
901,3,,W
902,3,,1
902,3,,2
902,3,,M3
902,3,,W
903,3,,1
903,3,,3
903,3,,M1
903,3,,M2
904,3,,1
904,3,,3
904,3,,M1
904,3,,M3
905,3,,1
905,3,,3
905,3,,M1
905,3,,W
906,3,,1
906,3,,3
906,3,,M2
906,3,,M3
907,3,,1
907,3,,3
907,3,,M2
907,3,,W
908,3,,1
908,3,,3
908,3,,M3
908,3,,W
909,3,,1
909,3,,M1
909,3,,M2
909,3,,M3
910,3,,1
910,3,,M1
910,3,,M2
910,3,,W
911,3,,1
911,3,,M1
911,3,,M3
911,3,,W
912,3,,1
912,3,,M2
912,3,,M3
912,3,,W
913,3,,2
913,3,,3
913,3,,M1
913,3,,M2
914,3,,2
914,3,,3
914,3,,M1
914,3,,M3
915,3,,2
915,3,,3
915,3,,M1
915,3,,W
916,3,,2
916,3,,3
916,3,,M2
916,3,,M3
917,3,,2
917,3,,3
917,3,,M2
917,3,,W
918,3,,2
918,3,,3
918,3,,M3
918,3,,W
919,3,,2
919,3,,M1
919,3,,M2
919,3,,M3
920,3,,2
920,3,,M1
920,3,,M2
920,3,,W
921,3,,2
921,3,,M1
921,3,,M3
921,3,,W
922,3,,2
922,3,,M2
922,3,,M3
922,3,,W
923,3,,3
923,3,,M1
923,3,,M2
923,3,,M3
924,3,,3
924,3,,M1
924,3,,M2
924,3,,W
925,3,,3
925,3,,M1
925,3,,M3
925,3,,W
926,3,,3
926,3,,M2
926,3,,M3
926,3,,W
927,3,,M1
927,3,,M2
927,3,,M3
927,3,,W
928,3,,0
928,3,,1
928,3,,2
928,3,,3
928,3,,M1
929,3,,0
929,3,,1
929,3,,2
929,3,,3
929,3,,M2
930,3,,0
930,3,,1
930,3,,2
930,3,,3
930,3,,M3
931,3,,0
931,3,,1
931,3,,2
931,3,,3
931,3,,W
932,3,,0
932,3,,1
932,3,,2
932,3,,M1
932,3,,M2
933,3,,0
933,3,,1
933,3,,2
933,3,,M1
933,3,,M3
934,3,,0
934,3,,1
934,3,,2
934,3,,M1
934,3,,W
935,3,,0
935,3,,1
935,3,,2
935,3,,M2
935,3,,M3
936,3,,0
936,3,,1
936,3,,2
936,3,,M2
936,3,,W
937,3,,0
937,3,,1
937,3,,2
937,3,,M3
937,3,,W
938,3,,0
938,3,,1
938,3,,3
938,3,,M1
938,3,,M2
939,3,,0
939,3,,1
939,3,,3
939,3,,M1
939,3,,M3
940,3,,0
940,3,,1
940,3,,3
940,3,,M1
940,3,,W
941,3,,0
941,3,,1
941,3,,3
941,3,,M2
941,3,,M3
942,3,,0
942,3,,1
942,3,,3
942,3,,M2
942,3,,W
943,3,,0
943,3,,1
943,3,,3
943,3,,M3
943,3,,W
944,3,,0
944,3,,1
944,3,,M1
944,3,,M2
944,3,,M3
945,3,,0
945,3,,1
945,3,,M1
945,3,,M2
945,3,,W
946,3,,0
946,3,,1
946,3,,M1
946,3,,M3
946,3,,W
947,3,,0
947,3,,1
947,3,,M2
947,3,,M3
947,3,,W
948,3,,0
948,3,,2
948,3,,3
948,3,,M1
948,3,,M2
949,3,,0
949,3,,2
949,3,,3
949,3,,M1
949,3,,M3
950,3,,0
950,3,,2
950,3,,3
950,3,,M1
950,3,,W
951,3,,0
951,3,,2
951,3,,3
951,3,,M2
951,3,,M3
952,3,,0
952,3,,2
952,3,,3
952,3,,M2
952,3,,W
953,3,,0
953,3,,2
953,3,,3
953,3,,M3
953,3,,W
954,3,,0
954,3,,2
954,3,,M1
954,3,,M2
954,3,,M3
955,3,,0
955,3,,2
955,3,,M1
955,3,,M2
955,3,,W
956,3,,0
956,3,,2
956,3,,M1
956,3,,M3
956,3,,W
957,3,,0
957,3,,2
957,3,,M2
957,3,,M3
957,3,,W
958,3,,0
958,3,,3
958,3,,M1
958,3,,M2
958,3,,M3
959,3,,0
959,3,,3
959,3,,M1
959,3,,M2
959,3,,W
960,3,,0
960,3,,3
960,3,,M1
960,3,,M3
960,3,,W
961,3,,0
961,3,,3
961,3,,M2
961,3,,M3
961,3,,W
962,3,,0
962,3,,M1
962,3,,M2
962,3,,M3
962,3,,W
963,3,,1
963,3,,2
963,3,,3
963,3,,M1
963,3,,M2
964,3,,1
964,3,,2
964,3,,3
964,3,,M1
964,3,,M3
965,3,,1
965,3,,2
965,3,,3
965,3,,M1
965,3,,W
966,3,,1
966,3,,2
966,3,,3
966,3,,M2
966,3,,M3
967,3,,1
967,3,,2
967,3,,3
967,3,,M2
967,3,,W
968,3,,1
968,3,,2
968,3,,3
968,3,,M3
968,3,,W
969,3,,1
969,3,,2
969,3,,M1
969,3,,M2
969,3,,M3
970,3,,1
970,3,,2
970,3,,M1
970,3,,M2
970,3,,W
971,3,,1
971,3,,2
971,3,,M1
971,3,,M3
971,3,,W
972,3,,1
972,3,,2
972,3,,M2
972,3,,M3
972,3,,W
973,3,,1
973,3,,3
973,3,,M1
973,3,,M2
973,3,,M3
974,3,,1
974,3,,3
974,3,,M1
974,3,,M2
974,3,,W
975,3,,1
975,3,,3
975,3,,M1
975,3,,M3
975,3,,W
976,3,,1
976,3,,3
976,3,,M2
976,3,,M3
976,3,,W
977,3,,1
977,3,,M1
977,3,,M2
977,3,,M3
977,3,,W
978,3,,2
978,3,,3
978,3,,M1
978,3,,M2
978,3,,M3
979,3,,2
979,3,,3
979,3,,M1
979,3,,M2
979,3,,W
980,3,,2
980,3,,3
980,3,,M1
980,3,,M3
980,3,,W
981,3,,2
981,3,,3
981,3,,M2
981,3,,M3
981,3,,W
982,3,,2
982,3,,M1
982,3,,M2
982,3,,M3
982,3,,W
983,3,,3
983,3,,M1
983,3,,M2
983,3,,M3
983,3,,W
984,3,,0
984,3,,1
984,3,,2
984,3,,3
984,3,,M1
984,3,,M2
985,3,,0
985,3,,1
985,3,,2
985,3,,3
985,3,,M1
985,3,,M3
986,3,,0
986,3,,1
986,3,,2
986,3,,3
986,3,,M1
986,3,,W
987,3,,0
987,3,,1
987,3,,2
987,3,,3
987,3,,M2
987,3,,M3
988,3,,0
988,3,,1
988,3,,2
988,3,,3
988,3,,M2
988,3,,W
989,3,,0
989,3,,1
989,3,,2
989,3,,3
989,3,,M3
989,3,,W
990,3,,0
990,3,,1
990,3,,2
990,3,,M1
990,3,,M2
990,3,,M3
991,3,,0
991,3,,1
991,3,,2
991,3,,M1
991,3,,M2
991,3,,W
992,3,,0
992,3,,1
992,3,,2
992,3,,M1
992,3,,M3
992,3,,W
993,3,,0
993,3,,1
993,3,,2
993,3,,M2
993,3,,M3
993,3,,W
994,3,,0
994,3,,1
994,3,,3
994,3,,M1
994,3,,M2
994,3,,M3
995,3,,0
995,3,,1
995,3,,3
995,3,,M1
995,3,,M2
995,3,,W
996,3,,0
996,3,,1
996,3,,3
996,3,,M1
996,3,,M3
996,3,,W
997,3,,0
997,3,,1
997,3,,3
997,3,,M2
997,3,,M3
997,3,,W
998,3,,0
998,3,,1
998,3,,M1
998,3,,M2
998,3,,M3
998,3,,W
999,3,,0
999,3,,2
999,3,,3
999,3,,M1
999,3,,M2
999,3,,M3
1000,3,,0
1000,3,,2
1000,3,,3
1000,3,,M1
1000,3,,M2
1000,3,,W
1001,3,,0
1001,3,,2
1001,3,,3
1001,3,,M1
1001,3,,M3
1001,3,,W
1002,3,,0
1002,3,,2
1002,3,,3
1002,3,,M2
1002,3,,M3
1002,3,,W
1003,3,,0
1003,3,,2
1003,3,,M1
1003,3,,M2
1003,3,,M3
1003,3,,W
1004,3,,0
1004,3,,3
1004,3,,M1
1004,3,,M2
1004,3,,M3
1004,3,,W
1005,3,,1
1005,3,,2
1005,3,,3
1005,3,,M1
1005,3,,M2
1005,3,,M3
1006,3,,1
1006,3,,2
1006,3,,3
1006,3,,M1
1006,3,,M2
1006,3,,W
1007,3,,1
1007,3,,2
1007,3,,3
1007,3,,M1
1007,3,,M3
1007,3,,W
1008,3,,1
1008,3,,2
1008,3,,3
1008,3,,M2
1008,3,,M3
1008,3,,W
1009,3,,1
1009,3,,2
1009,3,,M1
1009,3,,M2
1009,3,,M3
1009,3,,W
1010,3,,1
1010,3,,3
1010,3,,M1
1010,3,,M2
1010,3,,M3
1010,3,,W
1011,3,,2
1011,3,,3
1011,3,,M1
1011,3,,M2
1011,3,,M3
1011,3,,W
1012,3,,0
1012,3,,1
1012,3,,2
1012,3,,3
1012,3,,M1
1012,3,,M2
1012,3,,M3
1013,3,,0
1013,3,,1
1013,3,,2
1013,3,,3
1013,3,,M1
1013,3,,M2
1013,3,,W
1014,3,,0
1014,3,,1
1014,3,,2
1014,3,,3
1014,3,,M1
1014,3,,M3
1014,3,,W
1015,3,,0
1015,3,,1
1015,3,,2
1015,3,,3
1015,3,,M2
1015,3,,M3
1015,3,,W
1016,3,,0
1016,3,,1
1016,3,,2
1016,3,,M1
1016,3,,M2
1016,3,,M3
1016,3,,W
1017,3,,0
1017,3,,1
1017,3,,3
1017,3,,M1
1017,3,,M2
1017,3,,M3
1017,3,,W
1018,3,,0
1018,3,,2
1018,3,,3
1018,3,,M1
1018,3,,M2
1018,3,,M3
1018,3,,W
1019,3,,1
1019,3,,2
1019,3,,3
1019,3,,M1
1019,3,,M2
1019,3,,M3
1019,3,,W
1020,3,,0
1020,3,,1
1020,3,,2
1020,3,,3
1020,3,,M1
1020,3,,M2
1020,3,,M3
1020,3,,W
1021,M1,,0
1022,M1,,1
1023,M1,,2
1024,M1,,3
1025,M1,,M1
1026,M1,,M2
1027,M1,,M3
1028,M1,,W
1029,M1,,0
1029,M1,,1
1030,M1,,0
1030,M1,,2
1031,M1,,0
1031,M1,,3
1032,M1,,0
1032,M1,,M1
1033,M1,,0
1033,M1,,M2
1034,M1,,0
1034,M1,,M3
1035,M1,,0
1035,M1,,W
1036,M1,,1
1036,M1,,2
1037,M1,,1
1037,M1,,3
1038,M1,,1
1038,M1,,M1
1039,M1,,1
1039,M1,,M2
1040,M1,,1
1040,M1,,M3
1041,M1,,1
1041,M1,,W
1042,M1,,2
1042,M1,,3
1043,M1,,2
1043,M1,,M1
1044,M1,,2
1044,M1,,M2
1045,M1,,2
1045,M1,,M3
1046,M1,,2
1046,M1,,W
1047,M1,,3
1047,M1,,M1
1048,M1,,3
1048,M1,,M2
1049,M1,,3
1049,M1,,M3
1050,M1,,3
1050,M1,,W
1051,M1,,M1
1051,M1,,M2
1052,M1,,M1
1052,M1,,M3
1053,M1,,M1
1053,M1,,W
1054,M1,,M2
1054,M1,,M3
1055,M1,,M2
1055,M1,,W
1056,M1,,M3
1056,M1,,W
1057,M1,,0
1057,M1,,1
1057,M1,,2
1058,M1,,0
1058,M1,,1
1058,M1,,3
1059,M1,,0
1059,M1,,1
1059,M1,,M1
1060,M1,,0
1060,M1,,1
1060,M1,,M2
1061,M1,,0
1061,M1,,1
1061,M1,,M3
1062,M1,,0
1062,M1,,1
1062,M1,,W
1063,M1,,0
1063,M1,,2
1063,M1,,3
1064,M1,,0
1064,M1,,2
1064,M1,,M1
1065,M1,,0
1065,M1,,2
1065,M1,,M2
1066,M1,,0
1066,M1,,2
1066,M1,,M3
1067,M1,,0
1067,M1,,2
1067,M1,,W
1068,M1,,0
1068,M1,,3
1068,M1,,M1
1069,M1,,0
1069,M1,,3
1069,M1,,M2
1070,M1,,0
1070,M1,,3
1070,M1,,M3
1071,M1,,0
1071,M1,,3
1071,M1,,W
1072,M1,,0
1072,M1,,M1
1072,M1,,M2
1073,M1,,0
1073,M1,,M1
1073,M1,,M3
1074,M1,,0
1074,M1,,M1
1074,M1,,W
1075,M1,,0
1075,M1,,M2
1075,M1,,M3
1076,M1,,0
1076,M1,,M2
1076,M1,,W
1077,M1,,0
1077,M1,,M3
1077,M1,,W
1078,M1,,1
1078,M1,,2
1078,M1,,3
1079,M1,,1
1079,M1,,2
1079,M1,,M1
1080,M1,,1
1080,M1,,2
1080,M1,,M2
1081,M1,,1
1081,M1,,2
1081,M1,,M3
1082,M1,,1
1082,M1,,2
1082,M1,,W
1083,M1,,1
1083,M1,,3
1083,M1,,M1
1084,M1,,1
1084,M1,,3
1084,M1,,M2
1085,M1,,1
1085,M1,,3
1085,M1,,M3
1086,M1,,1
1086,M1,,3
1086,M1,,W
1087,M1,,1
1087,M1,,M1
1087,M1,,M2
1088,M1,,1
1088,M1,,M1
1088,M1,,M3
1089,M1,,1
1089,M1,,M1
1089,M1,,W
1090,M1,,1
1090,M1,,M2
1090,M1,,M3
1091,M1,,1
1091,M1,,M2
1091,M1,,W
1092,M1,,1
1092,M1,,M3
1092,M1,,W
1093,M1,,2
1093,M1,,3
1093,M1,,M1
1094,M1,,2
1094,M1,,3
1094,M1,,M2
1095,M1,,2
1095,M1,,3
1095,M1,,M3
1096,M1,,2
1096,M1,,3
1096,M1,,W
1097,M1,,2
1097,M1,,M1
1097,M1,,M2
1098,M1,,2
1098,M1,,M1
1098,M1,,M3
1099,M1,,2
1099,M1,,M1
1099,M1,,W
1100,M1,,2
1100,M1,,M2
1100,M1,,M3
1101,M1,,2
1101,M1,,M2
1101,M1,,W
1102,M1,,2
1102,M1,,M3
1102,M1,,W
1103,M1,,3
1103,M1,,M1
1103,M1,,M2
1104,M1,,3
1104,M1,,M1
1104,M1,,M3
1105,M1,,3
1105,M1,,M1
1105,M1,,W
1106,M1,,3
1106,M1,,M2
1106,M1,,M3
1107,M1,,3
1107,M1,,M2
1107,M1,,W
1108,M1,,3
1108,M1,,M3
1108,M1,,W
1109,M1,,M1
1109,M1,,M2
1109,M1,,M3
1110,M1,,M1
1110,M1,,M2
1110,M1,,W
1111,M1,,M1
1111,M1,,M3
1111,M1,,W
1112,M1,,M2
1112,M1,,M3
1112,M1,,W
1113,M1,,0
1113,M1,,1
1113,M1,,2
1113,M1,,3
1114,M1,,0
1114,M1,,1
1114,M1,,2
1114,M1,,M1
1115,M1,,0
1115,M1,,1
1115,M1,,2
1115,M1,,M2
1116,M1,,0
1116,M1,,1
1116,M1,,2
1116,M1,,M3
1117,M1,,0
1117,M1,,1
1117,M1,,2
1117,M1,,W
1118,M1,,0
1118,M1,,1
1118,M1,,3
1118,M1,,M1
1119,M1,,0
1119,M1,,1
1119,M1,,3
1119,M1,,M2
1120,M1,,0
1120,M1,,1
1120,M1,,3
1120,M1,,M3
1121,M1,,0
1121,M1,,1
1121,M1,,3
1121,M1,,W
1122,M1,,0
1122,M1,,1
1122,M1,,M1
1122,M1,,M2
1123,M1,,0
1123,M1,,1
1123,M1,,M1
1123,M1,,M3
1124,M1,,0
1124,M1,,1
1124,M1,,M1
1124,M1,,W
1125,M1,,0
1125,M1,,1
1125,M1,,M2
1125,M1,,M3
1126,M1,,0
1126,M1,,1
1126,M1,,M2
1126,M1,,W
1127,M1,,0
1127,M1,,1
1127,M1,,M3
1127,M1,,W
1128,M1,,0
1128,M1,,2
1128,M1,,3
1128,M1,,M1
1129,M1,,0
1129,M1,,2
1129,M1,,3
1129,M1,,M2
1130,M1,,0
1130,M1,,2
1130,M1,,3
1130,M1,,M3
1131,M1,,0
1131,M1,,2
1131,M1,,3
1131,M1,,W
1132,M1,,0
1132,M1,,2
1132,M1,,M1
1132,M1,,M2
1133,M1,,0
1133,M1,,2
1133,M1,,M1
1133,M1,,M3
1134,M1,,0
1134,M1,,2
1134,M1,,M1
1134,M1,,W
1135,M1,,0
1135,M1,,2
1135,M1,,M2
1135,M1,,M3
1136,M1,,0
1136,M1,,2
1136,M1,,M2
1136,M1,,W
1137,M1,,0
1137,M1,,2
1137,M1,,M3
1137,M1,,W
1138,M1,,0
1138,M1,,3
1138,M1,,M1
1138,M1,,M2
1139,M1,,0
1139,M1,,3
1139,M1,,M1
1139,M1,,M3
1140,M1,,0
1140,M1,,3
1140,M1,,M1
1140,M1,,W
1141,M1,,0
1141,M1,,3
1141,M1,,M2
1141,M1,,M3
1142,M1,,0
1142,M1,,3
1142,M1,,M2
1142,M1,,W
1143,M1,,0
1143,M1,,3
1143,M1,,M3
1143,M1,,W
1144,M1,,0
1144,M1,,M1
1144,M1,,M2
1144,M1,,M3
1145,M1,,0
1145,M1,,M1
1145,M1,,M2
1145,M1,,W
1146,M1,,0
1146,M1,,M1
1146,M1,,M3
1146,M1,,W
1147,M1,,0
1147,M1,,M2
1147,M1,,M3
1147,M1,,W
1148,M1,,1
1148,M1,,2
1148,M1,,3
1148,M1,,M1
1149,M1,,1
1149,M1,,2
1149,M1,,3
1149,M1,,M2
1150,M1,,1
1150,M1,,2
1150,M1,,3
1150,M1,,M3
1151,M1,,1
1151,M1,,2
1151,M1,,3
1151,M1,,W
1152,M1,,1
1152,M1,,2
1152,M1,,M1
1152,M1,,M2
1153,M1,,1
1153,M1,,2
1153,M1,,M1
1153,M1,,M3
1154,M1,,1
1154,M1,,2
1154,M1,,M1
1154,M1,,W
1155,M1,,1
1155,M1,,2
1155,M1,,M2
1155,M1,,M3
1156,M1,,1
1156,M1,,2
1156,M1,,M2
1156,M1,,W
1157,M1,,1
1157,M1,,2
1157,M1,,M3
1157,M1,,W
1158,M1,,1
1158,M1,,3
1158,M1,,M1
1158,M1,,M2
1159,M1,,1
1159,M1,,3
1159,M1,,M1
1159,M1,,M3
1160,M1,,1
1160,M1,,3
1160,M1,,M1
1160,M1,,W
1161,M1,,1
1161,M1,,3
1161,M1,,M2
1161,M1,,M3
1162,M1,,1
1162,M1,,3
1162,M1,,M2
1162,M1,,W
1163,M1,,1
1163,M1,,3
1163,M1,,M3
1163,M1,,W
1164,M1,,1
1164,M1,,M1
1164,M1,,M2
1164,M1,,M3
1165,M1,,1
1165,M1,,M1
1165,M1,,M2
1165,M1,,W
1166,M1,,1
1166,M1,,M1
1166,M1,,M3
1166,M1,,W
1167,M1,,1
1167,M1,,M2
1167,M1,,M3
1167,M1,,W
1168,M1,,2
1168,M1,,3
1168,M1,,M1
1168,M1,,M2
1169,M1,,2
1169,M1,,3
1169,M1,,M1
1169,M1,,M3
1170,M1,,2
1170,M1,,3
1170,M1,,M1
1170,M1,,W
1171,M1,,2
1171,M1,,3
1171,M1,,M2
1171,M1,,M3
1172,M1,,2
1172,M1,,3
1172,M1,,M2
1172,M1,,W
1173,M1,,2
1173,M1,,3
1173,M1,,M3
1173,M1,,W
1174,M1,,2
1174,M1,,M1
1174,M1,,M2
1174,M1,,M3
1175,M1,,2
1175,M1,,M1
1175,M1,,M2
1175,M1,,W
1176,M1,,2
1176,M1,,M1
1176,M1,,M3
1176,M1,,W
1177,M1,,2
1177,M1,,M2
1177,M1,,M3
1177,M1,,W
1178,M1,,3
1178,M1,,M1
1178,M1,,M2
1178,M1,,M3
1179,M1,,3
1179,M1,,M1
1179,M1,,M2
1179,M1,,W
1180,M1,,3
1180,M1,,M1
1180,M1,,M3
1180,M1,,W
1181,M1,,3
1181,M1,,M2
1181,M1,,M3
1181,M1,,W
1182,M1,,M1
1182,M1,,M2
1182,M1,,M3
1182,M1,,W
1183,M1,,0
1183,M1,,1
1183,M1,,2
1183,M1,,3
1183,M1,,M1
1184,M1,,0
1184,M1,,1
1184,M1,,2
1184,M1,,3
1184,M1,,M2
1185,M1,,0
1185,M1,,1
1185,M1,,2
1185,M1,,3
1185,M1,,M3
1186,M1,,0
1186,M1,,1
1186,M1,,2
1186,M1,,3
1186,M1,,W
1187,M1,,0
1187,M1,,1
1187,M1,,2
1187,M1,,M1
1187,M1,,M2
1188,M1,,0
1188,M1,,1
1188,M1,,2
1188,M1,,M1
1188,M1,,M3
1189,M1,,0
1189,M1,,1
1189,M1,,2
1189,M1,,M1
1189,M1,,W
1190,M1,,0
1190,M1,,1
1190,M1,,2
1190,M1,,M2
1190,M1,,M3
1191,M1,,0
1191,M1,,1
1191,M1,,2
1191,M1,,M2
1191,M1,,W
1192,M1,,0
1192,M1,,1
1192,M1,,2
1192,M1,,M3
1192,M1,,W
1193,M1,,0
1193,M1,,1
1193,M1,,3
1193,M1,,M1
1193,M1,,M2
1194,M1,,0
1194,M1,,1
1194,M1,,3
1194,M1,,M1
1194,M1,,M3
1195,M1,,0
1195,M1,,1
1195,M1,,3
1195,M1,,M1
1195,M1,,W
1196,M1,,0
1196,M1,,1
1196,M1,,3
1196,M1,,M2
1196,M1,,M3
1197,M1,,0
1197,M1,,1
1197,M1,,3
1197,M1,,M2
1197,M1,,W
1198,M1,,0
1198,M1,,1
1198,M1,,3
1198,M1,,M3
1198,M1,,W
1199,M1,,0
1199,M1,,1
1199,M1,,M1
1199,M1,,M2
1199,M1,,M3
1200,M1,,0
1200,M1,,1
1200,M1,,M1
1200,M1,,M2
1200,M1,,W
1201,M1,,0
1201,M1,,1
1201,M1,,M1
1201,M1,,M3
1201,M1,,W
1202,M1,,0
1202,M1,,1
1202,M1,,M2
1202,M1,,M3
1202,M1,,W
1203,M1,,0
1203,M1,,2
1203,M1,,3
1203,M1,,M1
1203,M1,,M2
1204,M1,,0
1204,M1,,2
1204,M1,,3
1204,M1,,M1
1204,M1,,M3
1205,M1,,0
1205,M1,,2
1205,M1,,3
1205,M1,,M1
1205,M1,,W
1206,M1,,0
1206,M1,,2
1206,M1,,3
1206,M1,,M2
1206,M1,,M3
1207,M1,,0
1207,M1,,2
1207,M1,,3
1207,M1,,M2
1207,M1,,W
1208,M1,,0
1208,M1,,2
1208,M1,,3
1208,M1,,M3
1208,M1,,W
1209,M1,,0
1209,M1,,2
1209,M1,,M1
1209,M1,,M2
1209,M1,,M3
1210,M1,,0
1210,M1,,2
1210,M1,,M1
1210,M1,,M2
1210,M1,,W
1211,M1,,0
1211,M1,,2
1211,M1,,M1
1211,M1,,M3
1211,M1,,W
1212,M1,,0
1212,M1,,2
1212,M1,,M2
1212,M1,,M3
1212,M1,,W
1213,M1,,0
1213,M1,,3
1213,M1,,M1
1213,M1,,M2
1213,M1,,M3
1214,M1,,0
1214,M1,,3
1214,M1,,M1
1214,M1,,M2
1214,M1,,W
1215,M1,,0
1215,M1,,3
1215,M1,,M1
1215,M1,,M3
1215,M1,,W
1216,M1,,0
1216,M1,,3
1216,M1,,M2
1216,M1,,M3
1216,M1,,W
1217,M1,,0
1217,M1,,M1
1217,M1,,M2
1217,M1,,M3
1217,M1,,W
1218,M1,,1
1218,M1,,2
1218,M1,,3
1218,M1,,M1
1218,M1,,M2
1219,M1,,1
1219,M1,,2
1219,M1,,3
1219,M1,,M1
1219,M1,,M3
1220,M1,,1
1220,M1,,2
1220,M1,,3
1220,M1,,M1
1220,M1,,W
1221,M1,,1
1221,M1,,2
1221,M1,,3
1221,M1,,M2
1221,M1,,M3
1222,M1,,1
1222,M1,,2
1222,M1,,3
1222,M1,,M2
1222,M1,,W
1223,M1,,1
1223,M1,,2
1223,M1,,3
1223,M1,,M3
1223,M1,,W
1224,M1,,1
1224,M1,,2
1224,M1,,M1
1224,M1,,M2
1224,M1,,M3
1225,M1,,1
1225,M1,,2
1225,M1,,M1
1225,M1,,M2
1225,M1,,W
1226,M1,,1
1226,M1,,2
1226,M1,,M1
1226,M1,,M3
1226,M1,,W
1227,M1,,1
1227,M1,,2
1227,M1,,M2
1227,M1,,M3
1227,M1,,W
1228,M1,,1
1228,M1,,3
1228,M1,,M1
1228,M1,,M2
1228,M1,,M3
1229,M1,,1
1229,M1,,3
1229,M1,,M1
1229,M1,,M2
1229,M1,,W
1230,M1,,1
1230,M1,,3
1230,M1,,M1
1230,M1,,M3
1230,M1,,W
1231,M1,,1
1231,M1,,3
1231,M1,,M2
1231,M1,,M3
1231,M1,,W
1232,M1,,1
1232,M1,,M1
1232,M1,,M2
1232,M1,,M3
1232,M1,,W
1233,M1,,2
1233,M1,,3
1233,M1,,M1
1233,M1,,M2
1233,M1,,M3
1234,M1,,2
1234,M1,,3
1234,M1,,M1
1234,M1,,M2
1234,M1,,W
1235,M1,,2
1235,M1,,3
1235,M1,,M1
1235,M1,,M3
1235,M1,,W
1236,M1,,2
1236,M1,,3
1236,M1,,M2
1236,M1,,M3
1236,M1,,W
1237,M1,,2
1237,M1,,M1
1237,M1,,M2
1237,M1,,M3
1237,M1,,W
1238,M1,,3
1238,M1,,M1
1238,M1,,M2
1238,M1,,M3
1238,M1,,W
1239,M1,,0
1239,M1,,1
1239,M1,,2
1239,M1,,3
1239,M1,,M1
1239,M1,,M2
1240,M1,,0
1240,M1,,1
1240,M1,,2
1240,M1,,3
1240,M1,,M1
1240,M1,,M3
1241,M1,,0
1241,M1,,1
1241,M1,,2
1241,M1,,3
1241,M1,,M1
1241,M1,,W
1242,M1,,0
1242,M1,,1
1242,M1,,2
1242,M1,,3
1242,M1,,M2
1242,M1,,M3
1243,M1,,0
1243,M1,,1
1243,M1,,2
1243,M1,,3
1243,M1,,M2
1243,M1,,W
1244,M1,,0
1244,M1,,1
1244,M1,,2
1244,M1,,3
1244,M1,,M3
1244,M1,,W
1245,M1,,0
1245,M1,,1
1245,M1,,2
1245,M1,,M1
1245,M1,,M2
1245,M1,,M3
1246,M1,,0
1246,M1,,1
1246,M1,,2
1246,M1,,M1
1246,M1,,M2
1246,M1,,W
1247,M1,,0
1247,M1,,1
1247,M1,,2
1247,M1,,M1
1247,M1,,M3
1247,M1,,W
1248,M1,,0
1248,M1,,1
1248,M1,,2
1248,M1,,M2
1248,M1,,M3
1248,M1,,W
1249,M1,,0
1249,M1,,1
1249,M1,,3
1249,M1,,M1
1249,M1,,M2
1249,M1,,M3
1250,M1,,0
1250,M1,,1
1250,M1,,3
1250,M1,,M1
1250,M1,,M2
1250,M1,,W
1251,M1,,0
1251,M1,,1
1251,M1,,3
1251,M1,,M1
1251,M1,,M3
1251,M1,,W
1252,M1,,0
1252,M1,,1
1252,M1,,3
1252,M1,,M2
1252,M1,,M3
1252,M1,,W
1253,M1,,0
1253,M1,,1
1253,M1,,M1
1253,M1,,M2
1253,M1,,M3
1253,M1,,W
1254,M1,,0
1254,M1,,2
1254,M1,,3
1254,M1,,M1
1254,M1,,M2
1254,M1,,M3
1255,M1,,0
1255,M1,,2
1255,M1,,3
1255,M1,,M1
1255,M1,,M2
1255,M1,,W
1256,M1,,0
1256,M1,,2
1256,M1,,3
1256,M1,,M1
1256,M1,,M3
1256,M1,,W
1257,M1,,0
1257,M1,,2
1257,M1,,3
1257,M1,,M2
1257,M1,,M3
1257,M1,,W
1258,M1,,0
1258,M1,,2
1258,M1,,M1
1258,M1,,M2
1258,M1,,M3
1258,M1,,W
1259,M1,,0
1259,M1,,3
1259,M1,,M1
1259,M1,,M2
1259,M1,,M3
1259,M1,,W
1260,M1,,1
1260,M1,,2
1260,M1,,3
1260,M1,,M1
1260,M1,,M2
1260,M1,,M3
1261,M1,,1
1261,M1,,2
1261,M1,,3
1261,M1,,M1
1261,M1,,M2
1261,M1,,W
1262,M1,,1
1262,M1,,2
1262,M1,,3
1262,M1,,M1
1262,M1,,M3
1262,M1,,W
1263,M1,,1
1263,M1,,2
1263,M1,,3
1263,M1,,M2
1263,M1,,M3
1263,M1,,W
1264,M1,,1
1264,M1,,2
1264,M1,,M1
1264,M1,,M2
1264,M1,,M3
1264,M1,,W
1265,M1,,1
1265,M1,,3
1265,M1,,M1
1265,M1,,M2
1265,M1,,M3
1265,M1,,W
1266,M1,,2
1266,M1,,3
1266,M1,,M1
1266,M1,,M2
1266,M1,,M3
1266,M1,,W
1267,M1,,0
1267,M1,,1
1267,M1,,2
1267,M1,,3
1267,M1,,M1
1267,M1,,M2
1267,M1,,M3
1268,M1,,0
1268,M1,,1
1268,M1,,2
1268,M1,,3
1268,M1,,M1
1268,M1,,M2
1268,M1,,W
1269,M1,,0
1269,M1,,1
1269,M1,,2
1269,M1,,3
1269,M1,,M1
1269,M1,,M3
1269,M1,,W
1270,M1,,0
1270,M1,,1
1270,M1,,2
1270,M1,,3
1270,M1,,M2
1270,M1,,M3
1270,M1,,W
1271,M1,,0
1271,M1,,1
1271,M1,,2
1271,M1,,M1
1271,M1,,M2
1271,M1,,M3
1271,M1,,W
1272,M1,,0
1272,M1,,1
1272,M1,,3
1272,M1,,M1
1272,M1,,M2
1272,M1,,M3
1272,M1,,W
1273,M1,,0
1273,M1,,2
1273,M1,,3
1273,M1,,M1
1273,M1,,M2
1273,M1,,M3
1273,M1,,W
1274,M1,,1
1274,M1,,2
1274,M1,,3
1274,M1,,M1
1274,M1,,M2
1274,M1,,M3
1274,M1,,W
1275,M1,,0
1275,M1,,1
1275,M1,,2
1275,M1,,3
1275,M1,,M1
1275,M1,,M2
1275,M1,,M3
1275,M1,,W
1276,M2,,0
1277,M2,,1
1278,M2,,2
1279,M2,,3
1280,M2,,M1
1281,M2,,M2
1282,M2,,M3
1283,M2,,W
1284,M2,,0
1284,M2,,1
1285,M2,,0
1285,M2,,2
1286,M2,,0
1286,M2,,3
1287,M2,,0
1287,M2,,M1
1288,M2,,0
1288,M2,,M2
1289,M2,,0
1289,M2,,M3
1290,M2,,0
1290,M2,,W
1291,M2,,1
1291,M2,,2
1292,M2,,1
1292,M2,,3
1293,M2,,1
1293,M2,,M1
1294,M2,,1
1294,M2,,M2
1295,M2,,1
1295,M2,,M3
1296,M2,,1
1296,M2,,W
1297,M2,,2
1297,M2,,3
1298,M2,,2
1298,M2,,M1
1299,M2,,2
1299,M2,,M2
1300,M2,,2
1300,M2,,M3
1301,M2,,2
1301,M2,,W
1302,M2,,3
1302,M2,,M1
1303,M2,,3
1303,M2,,M2
1304,M2,,3
1304,M2,,M3
1305,M2,,3
1305,M2,,W
1306,M2,,M1
1306,M2,,M2
1307,M2,,M1
1307,M2,,M3
1308,M2,,M1
1308,M2,,W
1309,M2,,M2
1309,M2,,M3
1310,M2,,M2
1310,M2,,W
1311,M2,,M3
1311,M2,,W
1312,M2,,0
1312,M2,,1
1312,M2,,2
1313,M2,,0
1313,M2,,1
1313,M2,,3
1314,M2,,0
1314,M2,,1
1314,M2,,M1
1315,M2,,0
1315,M2,,1
1315,M2,,M2
1316,M2,,0
1316,M2,,1
1316,M2,,M3
1317,M2,,0
1317,M2,,1
1317,M2,,W
1318,M2,,0
1318,M2,,2
1318,M2,,3
1319,M2,,0
1319,M2,,2
1319,M2,,M1
1320,M2,,0
1320,M2,,2
1320,M2,,M2
1321,M2,,0
1321,M2,,2
1321,M2,,M3
1322,M2,,0
1322,M2,,2
1322,M2,,W
1323,M2,,0
1323,M2,,3
1323,M2,,M1
1324,M2,,0
1324,M2,,3
1324,M2,,M2
1325,M2,,0
1325,M2,,3
1325,M2,,M3
1326,M2,,0
1326,M2,,3
1326,M2,,W
1327,M2,,0
1327,M2,,M1
1327,M2,,M2
1328,M2,,0
1328,M2,,M1
1328,M2,,M3
1329,M2,,0
1329,M2,,M1
1329,M2,,W
1330,M2,,0
1330,M2,,M2
1330,M2,,M3
1331,M2,,0
1331,M2,,M2
1331,M2,,W
1332,M2,,0
1332,M2,,M3
1332,M2,,W
1333,M2,,1
1333,M2,,2
1333,M2,,3
1334,M2,,1
1334,M2,,2
1334,M2,,M1
1335,M2,,1
1335,M2,,2
1335,M2,,M2
1336,M2,,1
1336,M2,,2
1336,M2,,M3
1337,M2,,1
1337,M2,,2
1337,M2,,W
1338,M2,,1
1338,M2,,3
1338,M2,,M1
1339,M2,,1
1339,M2,,3
1339,M2,,M2
1340,M2,,1
1340,M2,,3
1340,M2,,M3
1341,M2,,1
1341,M2,,3
1341,M2,,W
1342,M2,,1
1342,M2,,M1
1342,M2,,M2
1343,M2,,1
1343,M2,,M1
1343,M2,,M3
1344,M2,,1
1344,M2,,M1
1344,M2,,W
1345,M2,,1
1345,M2,,M2
1345,M2,,M3
1346,M2,,1
1346,M2,,M2
1346,M2,,W
1347,M2,,1
1347,M2,,M3
1347,M2,,W
1348,M2,,2
1348,M2,,3
1348,M2,,M1
1349,M2,,2
1349,M2,,3
1349,M2,,M2
1350,M2,,2
1350,M2,,3
1350,M2,,M3
1351,M2,,2
1351,M2,,3
1351,M2,,W
1352,M2,,2
1352,M2,,M1
1352,M2,,M2
1353,M2,,2
1353,M2,,M1
1353,M2,,M3
1354,M2,,2
1354,M2,,M1
1354,M2,,W
1355,M2,,2
1355,M2,,M2
1355,M2,,M3
1356,M2,,2
1356,M2,,M2
1356,M2,,W
1357,M2,,2
1357,M2,,M3
1357,M2,,W
1358,M2,,3
1358,M2,,M1
1358,M2,,M2
1359,M2,,3
1359,M2,,M1
1359,M2,,M3
1360,M2,,3
1360,M2,,M1
1360,M2,,W
1361,M2,,3
1361,M2,,M2
1361,M2,,M3
1362,M2,,3
1362,M2,,M2
1362,M2,,W
1363,M2,,3
1363,M2,,M3
1363,M2,,W
1364,M2,,M1
1364,M2,,M2
1364,M2,,M3
1365,M2,,M1
1365,M2,,M2
1365,M2,,W
1366,M2,,M1
1366,M2,,M3
1366,M2,,W
1367,M2,,M2
1367,M2,,M3
1367,M2,,W
1368,M2,,0
1368,M2,,1
1368,M2,,2
1368,M2,,3
1369,M2,,0
1369,M2,,1
1369,M2,,2
1369,M2,,M1
1370,M2,,0
1370,M2,,1
1370,M2,,2
1370,M2,,M2
1371,M2,,0
1371,M2,,1
1371,M2,,2
1371,M2,,M3
1372,M2,,0
1372,M2,,1
1372,M2,,2
1372,M2,,W
1373,M2,,0
1373,M2,,1
1373,M2,,3
1373,M2,,M1
1374,M2,,0
1374,M2,,1
1374,M2,,3
1374,M2,,M2
1375,M2,,0
1375,M2,,1
1375,M2,,3
1375,M2,,M3
1376,M2,,0
1376,M2,,1
1376,M2,,3
1376,M2,,W
1377,M2,,0
1377,M2,,1
1377,M2,,M1
1377,M2,,M2
1378,M2,,0
1378,M2,,1
1378,M2,,M1
1378,M2,,M3
1379,M2,,0
1379,M2,,1
1379,M2,,M1
1379,M2,,W
1380,M2,,0
1380,M2,,1
1380,M2,,M2
1380,M2,,M3
1381,M2,,0
1381,M2,,1
1381,M2,,M2
1381,M2,,W
1382,M2,,0
1382,M2,,1
1382,M2,,M3
1382,M2,,W
1383,M2,,0
1383,M2,,2
1383,M2,,3
1383,M2,,M1
1384,M2,,0
1384,M2,,2
1384,M2,,3
1384,M2,,M2
1385,M2,,0
1385,M2,,2
1385,M2,,3
1385,M2,,M3
1386,M2,,0
1386,M2,,2
1386,M2,,3
1386,M2,,W
1387,M2,,0
1387,M2,,2
1387,M2,,M1
1387,M2,,M2
1388,M2,,0
1388,M2,,2
1388,M2,,M1
1388,M2,,M3
1389,M2,,0
1389,M2,,2
1389,M2,,M1
1389,M2,,W
1390,M2,,0
1390,M2,,2
1390,M2,,M2
1390,M2,,M3
1391,M2,,0
1391,M2,,2
1391,M2,,M2
1391,M2,,W
1392,M2,,0
1392,M2,,2
1392,M2,,M3
1392,M2,,W
1393,M2,,0
1393,M2,,3
1393,M2,,M1
1393,M2,,M2
1394,M2,,0
1394,M2,,3
1394,M2,,M1
1394,M2,,M3
1395,M2,,0
1395,M2,,3
1395,M2,,M1
1395,M2,,W
1396,M2,,0
1396,M2,,3
1396,M2,,M2
1396,M2,,M3
1397,M2,,0
1397,M2,,3
1397,M2,,M2
1397,M2,,W
1398,M2,,0
1398,M2,,3
1398,M2,,M3
1398,M2,,W
1399,M2,,0
1399,M2,,M1
1399,M2,,M2
1399,M2,,M3
1400,M2,,0
1400,M2,,M1
1400,M2,,M2
1400,M2,,W
1401,M2,,0
1401,M2,,M1
1401,M2,,M3
1401,M2,,W
1402,M2,,0
1402,M2,,M2
1402,M2,,M3
1402,M2,,W
1403,M2,,1
1403,M2,,2
1403,M2,,3
1403,M2,,M1
1404,M2,,1
1404,M2,,2
1404,M2,,3
1404,M2,,M2
1405,M2,,1
1405,M2,,2
1405,M2,,3
1405,M2,,M3
1406,M2,,1
1406,M2,,2
1406,M2,,3
1406,M2,,W
1407,M2,,1
1407,M2,,2
1407,M2,,M1
1407,M2,,M2
1408,M2,,1
1408,M2,,2
1408,M2,,M1
1408,M2,,M3
1409,M2,,1
1409,M2,,2
1409,M2,,M1
1409,M2,,W
1410,M2,,1
1410,M2,,2
1410,M2,,M2
1410,M2,,M3
1411,M2,,1
1411,M2,,2
1411,M2,,M2
1411,M2,,W
1412,M2,,1
1412,M2,,2
1412,M2,,M3
1412,M2,,W
1413,M2,,1
1413,M2,,3
1413,M2,,M1
1413,M2,,M2
1414,M2,,1
1414,M2,,3
1414,M2,,M1
1414,M2,,M3
1415,M2,,1
1415,M2,,3
1415,M2,,M1
1415,M2,,W
1416,M2,,1
1416,M2,,3
1416,M2,,M2
1416,M2,,M3
1417,M2,,1
1417,M2,,3
1417,M2,,M2
1417,M2,,W
1418,M2,,1
1418,M2,,3
1418,M2,,M3
1418,M2,,W
1419,M2,,1
1419,M2,,M1
1419,M2,,M2
1419,M2,,M3
1420,M2,,1
1420,M2,,M1
1420,M2,,M2
1420,M2,,W
1421,M2,,1
1421,M2,,M1
1421,M2,,M3
1421,M2,,W
1422,M2,,1
1422,M2,,M2
1422,M2,,M3
1422,M2,,W
1423,M2,,2
1423,M2,,3
1423,M2,,M1
1423,M2,,M2
1424,M2,,2
1424,M2,,3
1424,M2,,M1
1424,M2,,M3
1425,M2,,2
1425,M2,,3
1425,M2,,M1
1425,M2,,W
1426,M2,,2
1426,M2,,3
1426,M2,,M2
1426,M2,,M3
1427,M2,,2
1427,M2,,3
1427,M2,,M2
1427,M2,,W
1428,M2,,2
1428,M2,,3
1428,M2,,M3
1428,M2,,W
1429,M2,,2
1429,M2,,M1
1429,M2,,M2
1429,M2,,M3
1430,M2,,2
1430,M2,,M1
1430,M2,,M2
1430,M2,,W
1431,M2,,2
1431,M2,,M1
1431,M2,,M3
1431,M2,,W
1432,M2,,2
1432,M2,,M2
1432,M2,,M3
1432,M2,,W
1433,M2,,3
1433,M2,,M1
1433,M2,,M2
1433,M2,,M3
1434,M2,,3
1434,M2,,M1
1434,M2,,M2
1434,M2,,W
1435,M2,,3
1435,M2,,M1
1435,M2,,M3
1435,M2,,W
1436,M2,,3
1436,M2,,M2
1436,M2,,M3
1436,M2,,W
1437,M2,,M1
1437,M2,,M2
1437,M2,,M3
1437,M2,,W
1438,M2,,0
1438,M2,,1
1438,M2,,2
1438,M2,,3
1438,M2,,M1
1439,M2,,0
1439,M2,,1
1439,M2,,2
1439,M2,,3
1439,M2,,M2
1440,M2,,0
1440,M2,,1
1440,M2,,2
1440,M2,,3
1440,M2,,M3
1441,M2,,0
1441,M2,,1
1441,M2,,2
1441,M2,,3
1441,M2,,W
1442,M2,,0
1442,M2,,1
1442,M2,,2
1442,M2,,M1
1442,M2,,M2
1443,M2,,0
1443,M2,,1
1443,M2,,2
1443,M2,,M1
1443,M2,,M3
1444,M2,,0
1444,M2,,1
1444,M2,,2
1444,M2,,M1
1444,M2,,W
1445,M2,,0
1445,M2,,1
1445,M2,,2
1445,M2,,M2
1445,M2,,M3
1446,M2,,0
1446,M2,,1
1446,M2,,2
1446,M2,,M2
1446,M2,,W
1447,M2,,0
1447,M2,,1
1447,M2,,2
1447,M2,,M3
1447,M2,,W
1448,M2,,0
1448,M2,,1
1448,M2,,3
1448,M2,,M1
1448,M2,,M2
1449,M2,,0
1449,M2,,1
1449,M2,,3
1449,M2,,M1
1449,M2,,M3
1450,M2,,0
1450,M2,,1
1450,M2,,3
1450,M2,,M1
1450,M2,,W
1451,M2,,0
1451,M2,,1
1451,M2,,3
1451,M2,,M2
1451,M2,,M3
1452,M2,,0
1452,M2,,1
1452,M2,,3
1452,M2,,M2
1452,M2,,W
1453,M2,,0
1453,M2,,1
1453,M2,,3
1453,M2,,M3
1453,M2,,W
1454,M2,,0
1454,M2,,1
1454,M2,,M1
1454,M2,,M2
1454,M2,,M3
1455,M2,,0
1455,M2,,1
1455,M2,,M1
1455,M2,,M2
1455,M2,,W
1456,M2,,0
1456,M2,,1
1456,M2,,M1
1456,M2,,M3
1456,M2,,W
1457,M2,,0
1457,M2,,1
1457,M2,,M2
1457,M2,,M3
1457,M2,,W
1458,M2,,0
1458,M2,,2
1458,M2,,3
1458,M2,,M1
1458,M2,,M2
1459,M2,,0
1459,M2,,2
1459,M2,,3
1459,M2,,M1
1459,M2,,M3
1460,M2,,0
1460,M2,,2
1460,M2,,3
1460,M2,,M1
1460,M2,,W
1461,M2,,0
1461,M2,,2
1461,M2,,3
1461,M2,,M2
1461,M2,,M3
1462,M2,,0
1462,M2,,2
1462,M2,,3
1462,M2,,M2
1462,M2,,W
1463,M2,,0
1463,M2,,2
1463,M2,,3
1463,M2,,M3
1463,M2,,W
1464,M2,,0
1464,M2,,2
1464,M2,,M1
1464,M2,,M2
1464,M2,,M3
1465,M2,,0
1465,M2,,2
1465,M2,,M1
1465,M2,,M2
1465,M2,,W
1466,M2,,0
1466,M2,,2
1466,M2,,M1
1466,M2,,M3
1466,M2,,W
1467,M2,,0
1467,M2,,2
1467,M2,,M2
1467,M2,,M3
1467,M2,,W
1468,M2,,0
1468,M2,,3
1468,M2,,M1
1468,M2,,M2
1468,M2,,M3
1469,M2,,0
1469,M2,,3
1469,M2,,M1
1469,M2,,M2
1469,M2,,W
1470,M2,,0
1470,M2,,3
1470,M2,,M1
1470,M2,,M3
1470,M2,,W
1471,M2,,0
1471,M2,,3
1471,M2,,M2
1471,M2,,M3
1471,M2,,W
1472,M2,,0
1472,M2,,M1
1472,M2,,M2
1472,M2,,M3
1472,M2,,W
1473,M2,,1
1473,M2,,2
1473,M2,,3
1473,M2,,M1
1473,M2,,M2
1474,M2,,1
1474,M2,,2
1474,M2,,3
1474,M2,,M1
1474,M2,,M3
1475,M2,,1
1475,M2,,2
1475,M2,,3
1475,M2,,M1
1475,M2,,W
1476,M2,,1
1476,M2,,2
1476,M2,,3
1476,M2,,M2
1476,M2,,M3
1477,M2,,1
1477,M2,,2
1477,M2,,3
1477,M2,,M2
1477,M2,,W
1478,M2,,1
1478,M2,,2
1478,M2,,3
1478,M2,,M3
1478,M2,,W
1479,M2,,1
1479,M2,,2
1479,M2,,M1
1479,M2,,M2
1479,M2,,M3
1480,M2,,1
1480,M2,,2
1480,M2,,M1
1480,M2,,M2
1480,M2,,W
1481,M2,,1
1481,M2,,2
1481,M2,,M1
1481,M2,,M3
1481,M2,,W
1482,M2,,1
1482,M2,,2
1482,M2,,M2
1482,M2,,M3
1482,M2,,W
1483,M2,,1
1483,M2,,3
1483,M2,,M1
1483,M2,,M2
1483,M2,,M3
1484,M2,,1
1484,M2,,3
1484,M2,,M1
1484,M2,,M2
1484,M2,,W
1485,M2,,1
1485,M2,,3
1485,M2,,M1
1485,M2,,M3
1485,M2,,W
1486,M2,,1
1486,M2,,3
1486,M2,,M2
1486,M2,,M3
1486,M2,,W
1487,M2,,1
1487,M2,,M1
1487,M2,,M2
1487,M2,,M3
1487,M2,,W
1488,M2,,2
1488,M2,,3
1488,M2,,M1
1488,M2,,M2
1488,M2,,M3
1489,M2,,2
1489,M2,,3
1489,M2,,M1
1489,M2,,M2
1489,M2,,W
1490,M2,,2
1490,M2,,3
1490,M2,,M1
1490,M2,,M3
1490,M2,,W
1491,M2,,2
1491,M2,,3
1491,M2,,M2
1491,M2,,M3
1491,M2,,W
1492,M2,,2
1492,M2,,M1
1492,M2,,M2
1492,M2,,M3
1492,M2,,W
1493,M2,,3
1493,M2,,M1
1493,M2,,M2
1493,M2,,M3
1493,M2,,W
1494,M2,,0
1494,M2,,1
1494,M2,,2
1494,M2,,3
1494,M2,,M1
1494,M2,,M2
1495,M2,,0
1495,M2,,1
1495,M2,,2
1495,M2,,3
1495,M2,,M1
1495,M2,,M3
1496,M2,,0
1496,M2,,1
1496,M2,,2
1496,M2,,3
1496,M2,,M1
1496,M2,,W
1497,M2,,0
1497,M2,,1
1497,M2,,2
1497,M2,,3
1497,M2,,M2
1497,M2,,M3
1498,M2,,0
1498,M2,,1
1498,M2,,2
1498,M2,,3
1498,M2,,M2
1498,M2,,W
1499,M2,,0
1499,M2,,1
1499,M2,,2
1499,M2,,3
1499,M2,,M3
1499,M2,,W
1500,M2,,0
1500,M2,,1
1500,M2,,2
1500,M2,,M1
1500,M2,,M2
1500,M2,,M3
1501,M2,,0
1501,M2,,1
1501,M2,,2
1501,M2,,M1
1501,M2,,M2
1501,M2,,W
1502,M2,,0
1502,M2,,1
1502,M2,,2
1502,M2,,M1
1502,M2,,M3
1502,M2,,W
1503,M2,,0
1503,M2,,1
1503,M2,,2
1503,M2,,M2
1503,M2,,M3
1503,M2,,W
1504,M2,,0
1504,M2,,1
1504,M2,,3
1504,M2,,M1
1504,M2,,M2
1504,M2,,M3
1505,M2,,0
1505,M2,,1
1505,M2,,3
1505,M2,,M1
1505,M2,,M2
1505,M2,,W
1506,M2,,0
1506,M2,,1
1506,M2,,3
1506,M2,,M1
1506,M2,,M3
1506,M2,,W
1507,M2,,0
1507,M2,,1
1507,M2,,3
1507,M2,,M2
1507,M2,,M3
1507,M2,,W
1508,M2,,0
1508,M2,,1
1508,M2,,M1
1508,M2,,M2
1508,M2,,M3
1508,M2,,W
1509,M2,,0
1509,M2,,2
1509,M2,,3
1509,M2,,M1
1509,M2,,M2
1509,M2,,M3
1510,M2,,0
1510,M2,,2
1510,M2,,3
1510,M2,,M1
1510,M2,,M2
1510,M2,,W
1511,M2,,0
1511,M2,,2
1511,M2,,3
1511,M2,,M1
1511,M2,,M3
1511,M2,,W
1512,M2,,0
1512,M2,,2
1512,M2,,3
1512,M2,,M2
1512,M2,,M3
1512,M2,,W
1513,M2,,0
1513,M2,,2
1513,M2,,M1
1513,M2,,M2
1513,M2,,M3
1513,M2,,W
1514,M2,,0
1514,M2,,3
1514,M2,,M1
1514,M2,,M2
1514,M2,,M3
1514,M2,,W
1515,M2,,1
1515,M2,,2
1515,M2,,3
1515,M2,,M1
1515,M2,,M2
1515,M2,,M3
1516,M2,,1
1516,M2,,2
1516,M2,,3
1516,M2,,M1
1516,M2,,M2
1516,M2,,W
1517,M2,,1
1517,M2,,2
1517,M2,,3
1517,M2,,M1
1517,M2,,M3
1517,M2,,W
1518,M2,,1
1518,M2,,2
1518,M2,,3
1518,M2,,M2
1518,M2,,M3
1518,M2,,W
1519,M2,,1
1519,M2,,2
1519,M2,,M1
1519,M2,,M2
1519,M2,,M3
1519,M2,,W
1520,M2,,1
1520,M2,,3
1520,M2,,M1
1520,M2,,M2
1520,M2,,M3
1520,M2,,W
1521,M2,,2
1521,M2,,3
1521,M2,,M1
1521,M2,,M2
1521,M2,,M3
1521,M2,,W
1522,M2,,0
1522,M2,,1
1522,M2,,2
1522,M2,,3
1522,M2,,M1
1522,M2,,M2
1522,M2,,M3
1523,M2,,0
1523,M2,,1
1523,M2,,2
1523,M2,,3
1523,M2,,M1
1523,M2,,M2
1523,M2,,W
1524,M2,,0
1524,M2,,1
1524,M2,,2
1524,M2,,3
1524,M2,,M1
1524,M2,,M3
1524,M2,,W
1525,M2,,0
1525,M2,,1
1525,M2,,2
1525,M2,,3
1525,M2,,M2
1525,M2,,M3
1525,M2,,W
1526,M2,,0
1526,M2,,1
1526,M2,,2
1526,M2,,M1
1526,M2,,M2
1526,M2,,M3
1526,M2,,W
1527,M2,,0
1527,M2,,1
1527,M2,,3
1527,M2,,M1
1527,M2,,M2
1527,M2,,M3
1527,M2,,W
1528,M2,,0
1528,M2,,2
1528,M2,,3
1528,M2,,M1
1528,M2,,M2
1528,M2,,M3
1528,M2,,W
1529,M2,,1
1529,M2,,2
1529,M2,,3
1529,M2,,M1
1529,M2,,M2
1529,M2,,M3
1529,M2,,W
1530,M2,,0
1530,M2,,1
1530,M2,,2
1530,M2,,3
1530,M2,,M1
1530,M2,,M2
1530,M2,,M3
1530,M2,,W
1531,M3,,0
1532,M3,,1
1533,M3,,2
1534,M3,,3
1535,M3,,M1
1536,M3,,M2
1537,M3,,M3
1538,M3,,W
1539,M3,,0
1539,M3,,1
1540,M3,,0
1540,M3,,2
1541,M3,,0
1541,M3,,3
1542,M3,,0
1542,M3,,M1
1543,M3,,0
1543,M3,,M2
1544,M3,,0
1544,M3,,M3
1545,M3,,0
1545,M3,,W
1546,M3,,1
1546,M3,,2
1547,M3,,1
1547,M3,,3
1548,M3,,1
1548,M3,,M1
1549,M3,,1
1549,M3,,M2
1550,M3,,1
1550,M3,,M3
1551,M3,,1
1551,M3,,W
1552,M3,,2
1552,M3,,3
1553,M3,,2
1553,M3,,M1
1554,M3,,2
1554,M3,,M2
1555,M3,,2
1555,M3,,M3
1556,M3,,2
1556,M3,,W
1557,M3,,3
1557,M3,,M1
1558,M3,,3
1558,M3,,M2
1559,M3,,3
1559,M3,,M3
1560,M3,,3
1560,M3,,W
1561,M3,,M1
1561,M3,,M2
1562,M3,,M1
1562,M3,,M3
1563,M3,,M1
1563,M3,,W
1564,M3,,M2
1564,M3,,M3
1565,M3,,M2
1565,M3,,W
1566,M3,,M3
1566,M3,,W
1567,M3,,0
1567,M3,,1
1567,M3,,2
1568,M3,,0
1568,M3,,1
1568,M3,,3
1569,M3,,0
1569,M3,,1
1569,M3,,M1
1570,M3,,0
1570,M3,,1
1570,M3,,M2
1571,M3,,0
1571,M3,,1
1571,M3,,M3
1572,M3,,0
1572,M3,,1
1572,M3,,W
1573,M3,,0
1573,M3,,2
1573,M3,,3
1574,M3,,0
1574,M3,,2
1574,M3,,M1
1575,M3,,0
1575,M3,,2
1575,M3,,M2
1576,M3,,0
1576,M3,,2
1576,M3,,M3
1577,M3,,0
1577,M3,,2
1577,M3,,W
1578,M3,,0
1578,M3,,3
1578,M3,,M1
1579,M3,,0
1579,M3,,3
1579,M3,,M2
1580,M3,,0
1580,M3,,3
1580,M3,,M3
1581,M3,,0
1581,M3,,3
1581,M3,,W
1582,M3,,0
1582,M3,,M1
1582,M3,,M2
1583,M3,,0
1583,M3,,M1
1583,M3,,M3
1584,M3,,0
1584,M3,,M1
1584,M3,,W
1585,M3,,0
1585,M3,,M2
1585,M3,,M3
1586,M3,,0
1586,M3,,M2
1586,M3,,W
1587,M3,,0
1587,M3,,M3
1587,M3,,W
1588,M3,,1
1588,M3,,2
1588,M3,,3
1589,M3,,1
1589,M3,,2
1589,M3,,M1
1590,M3,,1
1590,M3,,2
1590,M3,,M2
1591,M3,,1
1591,M3,,2
1591,M3,,M3
1592,M3,,1
1592,M3,,2
1592,M3,,W
1593,M3,,1
1593,M3,,3
1593,M3,,M1
1594,M3,,1
1594,M3,,3
1594,M3,,M2
1595,M3,,1
1595,M3,,3
1595,M3,,M3
1596,M3,,1
1596,M3,,3
1596,M3,,W
1597,M3,,1
1597,M3,,M1
1597,M3,,M2
1598,M3,,1
1598,M3,,M1
1598,M3,,M3
1599,M3,,1
1599,M3,,M1
1599,M3,,W
1600,M3,,1
1600,M3,,M2
1600,M3,,M3
1601,M3,,1
1601,M3,,M2
1601,M3,,W
1602,M3,,1
1602,M3,,M3
1602,M3,,W
1603,M3,,2
1603,M3,,3
1603,M3,,M1
1604,M3,,2
1604,M3,,3
1604,M3,,M2
1605,M3,,2
1605,M3,,3
1605,M3,,M3
1606,M3,,2
1606,M3,,3
1606,M3,,W
1607,M3,,2
1607,M3,,M1
1607,M3,,M2
1608,M3,,2
1608,M3,,M1
1608,M3,,M3
1609,M3,,2
1609,M3,,M1
1609,M3,,W
1610,M3,,2
1610,M3,,M2
1610,M3,,M3
1611,M3,,2
1611,M3,,M2
1611,M3,,W
1612,M3,,2
1612,M3,,M3
1612,M3,,W
1613,M3,,3
1613,M3,,M1
1613,M3,,M2
1614,M3,,3
1614,M3,,M1
1614,M3,,M3
1615,M3,,3
1615,M3,,M1
1615,M3,,W
1616,M3,,3
1616,M3,,M2
1616,M3,,M3
1617,M3,,3
1617,M3,,M2
1617,M3,,W
1618,M3,,3
1618,M3,,M3
1618,M3,,W
1619,M3,,M1
1619,M3,,M2
1619,M3,,M3
1620,M3,,M1
1620,M3,,M2
1620,M3,,W
1621,M3,,M1
1621,M3,,M3
1621,M3,,W
1622,M3,,M2
1622,M3,,M3
1622,M3,,W
1623,M3,,0
1623,M3,,1
1623,M3,,2
1623,M3,,3
1624,M3,,0
1624,M3,,1
1624,M3,,2
1624,M3,,M1
1625,M3,,0
1625,M3,,1
1625,M3,,2
1625,M3,,M2
1626,M3,,0
1626,M3,,1
1626,M3,,2
1626,M3,,M3
1627,M3,,0
1627,M3,,1
1627,M3,,2
1627,M3,,W
1628,M3,,0
1628,M3,,1
1628,M3,,3
1628,M3,,M1
1629,M3,,0
1629,M3,,1
1629,M3,,3
1629,M3,,M2
1630,M3,,0
1630,M3,,1
1630,M3,,3
1630,M3,,M3
1631,M3,,0
1631,M3,,1
1631,M3,,3
1631,M3,,W
1632,M3,,0
1632,M3,,1
1632,M3,,M1
1632,M3,,M2
1633,M3,,0
1633,M3,,1
1633,M3,,M1
1633,M3,,M3
1634,M3,,0
1634,M3,,1
1634,M3,,M1
1634,M3,,W
1635,M3,,0
1635,M3,,1
1635,M3,,M2
1635,M3,,M3
1636,M3,,0
1636,M3,,1
1636,M3,,M2
1636,M3,,W
1637,M3,,0
1637,M3,,1
1637,M3,,M3
1637,M3,,W
1638,M3,,0
1638,M3,,2
1638,M3,,3
1638,M3,,M1
1639,M3,,0
1639,M3,,2
1639,M3,,3
1639,M3,,M2
1640,M3,,0
1640,M3,,2
1640,M3,,3
1640,M3,,M3
1641,M3,,0
1641,M3,,2
1641,M3,,3
1641,M3,,W
1642,M3,,0
1642,M3,,2
1642,M3,,M1
1642,M3,,M2
1643,M3,,0
1643,M3,,2
1643,M3,,M1
1643,M3,,M3
1644,M3,,0
1644,M3,,2
1644,M3,,M1
1644,M3,,W
1645,M3,,0
1645,M3,,2
1645,M3,,M2
1645,M3,,M3
1646,M3,,0
1646,M3,,2
1646,M3,,M2
1646,M3,,W
1647,M3,,0
1647,M3,,2
1647,M3,,M3
1647,M3,,W
1648,M3,,0
1648,M3,,3
1648,M3,,M1
1648,M3,,M2
1649,M3,,0
1649,M3,,3
1649,M3,,M1
1649,M3,,M3
1650,M3,,0
1650,M3,,3
1650,M3,,M1
1650,M3,,W
1651,M3,,0
1651,M3,,3
1651,M3,,M2
1651,M3,,M3
1652,M3,,0
1652,M3,,3
1652,M3,,M2
1652,M3,,W
1653,M3,,0
1653,M3,,3
1653,M3,,M3
1653,M3,,W
1654,M3,,0
1654,M3,,M1
1654,M3,,M2
1654,M3,,M3
1655,M3,,0
1655,M3,,M1
1655,M3,,M2
1655,M3,,W
1656,M3,,0
1656,M3,,M1
1656,M3,,M3
1656,M3,,W
1657,M3,,0
1657,M3,,M2
1657,M3,,M3
1657,M3,,W
1658,M3,,1
1658,M3,,2
1658,M3,,3
1658,M3,,M1
1659,M3,,1
1659,M3,,2
1659,M3,,3
1659,M3,,M2
1660,M3,,1
1660,M3,,2
1660,M3,,3
1660,M3,,M3
1661,M3,,1
1661,M3,,2
1661,M3,,3
1661,M3,,W
1662,M3,,1
1662,M3,,2
1662,M3,,M1
1662,M3,,M2
1663,M3,,1
1663,M3,,2
1663,M3,,M1
1663,M3,,M3
1664,M3,,1
1664,M3,,2
1664,M3,,M1
1664,M3,,W
1665,M3,,1
1665,M3,,2
1665,M3,,M2
1665,M3,,M3
1666,M3,,1
1666,M3,,2
1666,M3,,M2
1666,M3,,W
1667,M3,,1
1667,M3,,2
1667,M3,,M3
1667,M3,,W
1668,M3,,1
1668,M3,,3
1668,M3,,M1
1668,M3,,M2
1669,M3,,1
1669,M3,,3
1669,M3,,M1
1669,M3,,M3
1670,M3,,1
1670,M3,,3
1670,M3,,M1
1670,M3,,W
1671,M3,,1
1671,M3,,3
1671,M3,,M2
1671,M3,,M3
1672,M3,,1
1672,M3,,3
1672,M3,,M2
1672,M3,,W
1673,M3,,1
1673,M3,,3
1673,M3,,M3
1673,M3,,W
1674,M3,,1
1674,M3,,M1
1674,M3,,M2
1674,M3,,M3
1675,M3,,1
1675,M3,,M1
1675,M3,,M2
1675,M3,,W
1676,M3,,1
1676,M3,,M1
1676,M3,,M3
1676,M3,,W
1677,M3,,1
1677,M3,,M2
1677,M3,,M3
1677,M3,,W
1678,M3,,2
1678,M3,,3
1678,M3,,M1
1678,M3,,M2
1679,M3,,2
1679,M3,,3
1679,M3,,M1
1679,M3,,M3
1680,M3,,2
1680,M3,,3
1680,M3,,M1
1680,M3,,W
1681,M3,,2
1681,M3,,3
1681,M3,,M2
1681,M3,,M3
1682,M3,,2
1682,M3,,3
1682,M3,,M2
1682,M3,,W
1683,M3,,2
1683,M3,,3
1683,M3,,M3
1683,M3,,W
1684,M3,,2
1684,M3,,M1
1684,M3,,M2
1684,M3,,M3
1685,M3,,2
1685,M3,,M1
1685,M3,,M2
1685,M3,,W
1686,M3,,2
1686,M3,,M1
1686,M3,,M3
1686,M3,,W
1687,M3,,2
1687,M3,,M2
1687,M3,,M3
1687,M3,,W
1688,M3,,3
1688,M3,,M1
1688,M3,,M2
1688,M3,,M3
1689,M3,,3
1689,M3,,M1
1689,M3,,M2
1689,M3,,W
1690,M3,,3
1690,M3,,M1
1690,M3,,M3
1690,M3,,W
1691,M3,,3
1691,M3,,M2
1691,M3,,M3
1691,M3,,W
1692,M3,,M1
1692,M3,,M2
1692,M3,,M3
1692,M3,,W
1693,M3,,0
1693,M3,,1
1693,M3,,2
1693,M3,,3
1693,M3,,M1
1694,M3,,0
1694,M3,,1
1694,M3,,2
1694,M3,,3
1694,M3,,M2
1695,M3,,0
1695,M3,,1
1695,M3,,2
1695,M3,,3
1695,M3,,M3
1696,M3,,0
1696,M3,,1
1696,M3,,2
1696,M3,,3
1696,M3,,W
1697,M3,,0
1697,M3,,1
1697,M3,,2
1697,M3,,M1
1697,M3,,M2
1698,M3,,0
1698,M3,,1
1698,M3,,2
1698,M3,,M1
1698,M3,,M3
1699,M3,,0
1699,M3,,1
1699,M3,,2
1699,M3,,M1
1699,M3,,W
1700,M3,,0
1700,M3,,1
1700,M3,,2
1700,M3,,M2
1700,M3,,M3
1701,M3,,0
1701,M3,,1
1701,M3,,2
1701,M3,,M2
1701,M3,,W
1702,M3,,0
1702,M3,,1
1702,M3,,2
1702,M3,,M3
1702,M3,,W
1703,M3,,0
1703,M3,,1
1703,M3,,3
1703,M3,,M1
1703,M3,,M2
1704,M3,,0
1704,M3,,1
1704,M3,,3
1704,M3,,M1
1704,M3,,M3
1705,M3,,0
1705,M3,,1
1705,M3,,3
1705,M3,,M1
1705,M3,,W
1706,M3,,0
1706,M3,,1
1706,M3,,3
1706,M3,,M2
1706,M3,,M3
1707,M3,,0
1707,M3,,1
1707,M3,,3
1707,M3,,M2
1707,M3,,W
1708,M3,,0
1708,M3,,1
1708,M3,,3
1708,M3,,M3
1708,M3,,W
1709,M3,,0
1709,M3,,1
1709,M3,,M1
1709,M3,,M2
1709,M3,,M3
1710,M3,,0
1710,M3,,1
1710,M3,,M1
1710,M3,,M2
1710,M3,,W
1711,M3,,0
1711,M3,,1
1711,M3,,M1
1711,M3,,M3
1711,M3,,W
1712,M3,,0
1712,M3,,1
1712,M3,,M2
1712,M3,,M3
1712,M3,,W
1713,M3,,0
1713,M3,,2
1713,M3,,3
1713,M3,,M1
1713,M3,,M2
1714,M3,,0
1714,M3,,2
1714,M3,,3
1714,M3,,M1
1714,M3,,M3
1715,M3,,0
1715,M3,,2
1715,M3,,3
1715,M3,,M1
1715,M3,,W
1716,M3,,0
1716,M3,,2
1716,M3,,3
1716,M3,,M2
1716,M3,,M3
1717,M3,,0
1717,M3,,2
1717,M3,,3
1717,M3,,M2
1717,M3,,W
1718,M3,,0
1718,M3,,2
1718,M3,,3
1718,M3,,M3
1718,M3,,W
1719,M3,,0
1719,M3,,2
1719,M3,,M1
1719,M3,,M2
1719,M3,,M3
1720,M3,,0
1720,M3,,2
1720,M3,,M1
1720,M3,,M2
1720,M3,,W
1721,M3,,0
1721,M3,,2
1721,M3,,M1
1721,M3,,M3
1721,M3,,W
1722,M3,,0
1722,M3,,2
1722,M3,,M2
1722,M3,,M3
1722,M3,,W
1723,M3,,0
1723,M3,,3
1723,M3,,M1
1723,M3,,M2
1723,M3,,M3
1724,M3,,0
1724,M3,,3
1724,M3,,M1
1724,M3,,M2
1724,M3,,W
1725,M3,,0
1725,M3,,3
1725,M3,,M1
1725,M3,,M3
1725,M3,,W
1726,M3,,0
1726,M3,,3
1726,M3,,M2
1726,M3,,M3
1726,M3,,W
1727,M3,,0
1727,M3,,M1
1727,M3,,M2
1727,M3,,M3
1727,M3,,W
1728,M3,,1
1728,M3,,2
1728,M3,,3
1728,M3,,M1
1728,M3,,M2
1729,M3,,1
1729,M3,,2
1729,M3,,3
1729,M3,,M1
1729,M3,,M3
1730,M3,,1
1730,M3,,2
1730,M3,,3
1730,M3,,M1
1730,M3,,W
1731,M3,,1
1731,M3,,2
1731,M3,,3
1731,M3,,M2
1731,M3,,M3
1732,M3,,1
1732,M3,,2
1732,M3,,3
1732,M3,,M2
1732,M3,,W
1733,M3,,1
1733,M3,,2
1733,M3,,3
1733,M3,,M3
1733,M3,,W
1734,M3,,1
1734,M3,,2
1734,M3,,M1
1734,M3,,M2
1734,M3,,M3
1735,M3,,1
1735,M3,,2
1735,M3,,M1
1735,M3,,M2
1735,M3,,W
1736,M3,,1
1736,M3,,2
1736,M3,,M1
1736,M3,,M3
1736,M3,,W
1737,M3,,1
1737,M3,,2
1737,M3,,M2
1737,M3,,M3
1737,M3,,W
1738,M3,,1
1738,M3,,3
1738,M3,,M1
1738,M3,,M2
1738,M3,,M3
1739,M3,,1
1739,M3,,3
1739,M3,,M1
1739,M3,,M2
1739,M3,,W
1740,M3,,1
1740,M3,,3
1740,M3,,M1
1740,M3,,M3
1740,M3,,W
1741,M3,,1
1741,M3,,3
1741,M3,,M2
1741,M3,,M3
1741,M3,,W
1742,M3,,1
1742,M3,,M1
1742,M3,,M2
1742,M3,,M3
1742,M3,,W
1743,M3,,2
1743,M3,,3
1743,M3,,M1
1743,M3,,M2
1743,M3,,M3
1744,M3,,2
1744,M3,,3
1744,M3,,M1
1744,M3,,M2
1744,M3,,W
1745,M3,,2
1745,M3,,3
1745,M3,,M1
1745,M3,,M3
1745,M3,,W
1746,M3,,2
1746,M3,,3
1746,M3,,M2
1746,M3,,M3
1746,M3,,W
1747,M3,,2
1747,M3,,M1
1747,M3,,M2
1747,M3,,M3
1747,M3,,W
1748,M3,,3
1748,M3,,M1
1748,M3,,M2
1748,M3,,M3
1748,M3,,W
1749,M3,,0
1749,M3,,1
1749,M3,,2
1749,M3,,3
1749,M3,,M1
1749,M3,,M2
1750,M3,,0
1750,M3,,1
1750,M3,,2
1750,M3,,3
1750,M3,,M1
1750,M3,,M3
1751,M3,,0
1751,M3,,1
1751,M3,,2
1751,M3,,3
1751,M3,,M1
1751,M3,,W
1752,M3,,0
1752,M3,,1
1752,M3,,2
1752,M3,,3
1752,M3,,M2
1752,M3,,M3
1753,M3,,0
1753,M3,,1
1753,M3,,2
1753,M3,,3
1753,M3,,M2
1753,M3,,W
1754,M3,,0
1754,M3,,1
1754,M3,,2
1754,M3,,3
1754,M3,,M3
1754,M3,,W
1755,M3,,0
1755,M3,,1
1755,M3,,2
1755,M3,,M1
1755,M3,,M2
1755,M3,,M3
1756,M3,,0
1756,M3,,1
1756,M3,,2
1756,M3,,M1
1756,M3,,M2
1756,M3,,W
1757,M3,,0
1757,M3,,1
1757,M3,,2
1757,M3,,M1
1757,M3,,M3
1757,M3,,W
1758,M3,,0
1758,M3,,1
1758,M3,,2
1758,M3,,M2
1758,M3,,M3
1758,M3,,W
1759,M3,,0
1759,M3,,1
1759,M3,,3
1759,M3,,M1
1759,M3,,M2
1759,M3,,M3
1760,M3,,0
1760,M3,,1
1760,M3,,3
1760,M3,,M1
1760,M3,,M2
1760,M3,,W
1761,M3,,0
1761,M3,,1
1761,M3,,3
1761,M3,,M1
1761,M3,,M3
1761,M3,,W
1762,M3,,0
1762,M3,,1
1762,M3,,3
1762,M3,,M2
1762,M3,,M3
1762,M3,,W
1763,M3,,0
1763,M3,,1
1763,M3,,M1
1763,M3,,M2
1763,M3,,M3
1763,M3,,W
1764,M3,,0
1764,M3,,2
1764,M3,,3
1764,M3,,M1
1764,M3,,M2
1764,M3,,M3
1765,M3,,0
1765,M3,,2
1765,M3,,3
1765,M3,,M1
1765,M3,,M2
1765,M3,,W
1766,M3,,0
1766,M3,,2
1766,M3,,3
1766,M3,,M1
1766,M3,,M3
1766,M3,,W
1767,M3,,0
1767,M3,,2
1767,M3,,3
1767,M3,,M2
1767,M3,,M3
1767,M3,,W
1768,M3,,0
1768,M3,,2
1768,M3,,M1
1768,M3,,M2
1768,M3,,M3
1768,M3,,W
1769,M3,,0
1769,M3,,3
1769,M3,,M1
1769,M3,,M2
1769,M3,,M3
1769,M3,,W
1770,M3,,1
1770,M3,,2
1770,M3,,3
1770,M3,,M1
1770,M3,,M2
1770,M3,,M3
1771,M3,,1
1771,M3,,2
1771,M3,,3
1771,M3,,M1
1771,M3,,M2
1771,M3,,W
1772,M3,,1
1772,M3,,2
1772,M3,,3
1772,M3,,M1
1772,M3,,M3
1772,M3,,W
1773,M3,,1
1773,M3,,2
1773,M3,,3
1773,M3,,M2
1773,M3,,M3
1773,M3,,W
1774,M3,,1
1774,M3,,2
1774,M3,,M1
1774,M3,,M2
1774,M3,,M3
1774,M3,,W
1775,M3,,1
1775,M3,,3
1775,M3,,M1
1775,M3,,M2
1775,M3,,M3
1775,M3,,W
1776,M3,,2
1776,M3,,3
1776,M3,,M1
1776,M3,,M2
1776,M3,,M3
1776,M3,,W
1777,M3,,0
1777,M3,,1
1777,M3,,2
1777,M3,,3
1777,M3,,M1
1777,M3,,M2
1777,M3,,M3
1778,M3,,0
1778,M3,,1
1778,M3,,2
1778,M3,,3
1778,M3,,M1
1778,M3,,M2
1778,M3,,W
1779,M3,,0
1779,M3,,1
1779,M3,,2
1779,M3,,3
1779,M3,,M1
1779,M3,,M3
1779,M3,,W
1780,M3,,0
1780,M3,,1
1780,M3,,2
1780,M3,,3
1780,M3,,M2
1780,M3,,M3
1780,M3,,W
1781,M3,,0
1781,M3,,1
1781,M3,,2
1781,M3,,M1
1781,M3,,M2
1781,M3,,M3
1781,M3,,W
1782,M3,,0
1782,M3,,1
1782,M3,,3
1782,M3,,M1
1782,M3,,M2
1782,M3,,M3
1782,M3,,W
1783,M3,,0
1783,M3,,2
1783,M3,,3
1783,M3,,M1
1783,M3,,M2
1783,M3,,M3
1783,M3,,W
1784,M3,,1
1784,M3,,2
1784,M3,,3
1784,M3,,M1
1784,M3,,M2
1784,M3,,M3
1784,M3,,W
1785,M3,,0
1785,M3,,1
1785,M3,,2
1785,M3,,3
1785,M3,,M1
1785,M3,,M2
1785,M3,,M3
1785,M3,,W
1786,W,,0
1787,W,,1
1788,W,,2
1789,W,,3
1790,W,,M1
1791,W,,M2
1792,W,,M3
1793,W,,W
1794,W,,0
1794,W,,1
1795,W,,0
1795,W,,2
1796,W,,0
1796,W,,3
1797,W,,0
1797,W,,M1
1798,W,,0
1798,W,,M2
1799,W,,0
1799,W,,M3
1800,W,,0
1800,W,,W
1801,W,,1
1801,W,,2
1802,W,,1
1802,W,,3
1803,W,,1
1803,W,,M1
1804,W,,1
1804,W,,M2
1805,W,,1
1805,W,,M3
1806,W,,1
1806,W,,W
1807,W,,2
1807,W,,3
1808,W,,2
1808,W,,M1
1809,W,,2
1809,W,,M2
1810,W,,2
1810,W,,M3
1811,W,,2
1811,W,,W
1812,W,,3
1812,W,,M1
1813,W,,3
1813,W,,M2
1814,W,,3
1814,W,,M3
1815,W,,3
1815,W,,W
1816,W,,M1
1816,W,,M2
1817,W,,M1
1817,W,,M3
1818,W,,M1
1818,W,,W
1819,W,,M2
1819,W,,M3
1820,W,,M2
1820,W,,W
1821,W,,M3
1821,W,,W
1822,W,,0
1822,W,,1
1822,W,,2
1823,W,,0
1823,W,,1
1823,W,,3
1824,W,,0
1824,W,,1
1824,W,,M1
1825,W,,0
1825,W,,1
1825,W,,M2
1826,W,,0
1826,W,,1
1826,W,,M3
1827,W,,0
1827,W,,1
1827,W,,W
1828,W,,0
1828,W,,2
1828,W,,3
1829,W,,0
1829,W,,2
1829,W,,M1
1830,W,,0
1830,W,,2
1830,W,,M2
1831,W,,0
1831,W,,2
1831,W,,M3
1832,W,,0
1832,W,,2
1832,W,,W
1833,W,,0
1833,W,,3
1833,W,,M1
1834,W,,0
1834,W,,3
1834,W,,M2
1835,W,,0
1835,W,,3
1835,W,,M3
1836,W,,0
1836,W,,3
1836,W,,W
1837,W,,0
1837,W,,M1
1837,W,,M2
1838,W,,0
1838,W,,M1
1838,W,,M3
1839,W,,0
1839,W,,M1
1839,W,,W
1840,W,,0
1840,W,,M2
1840,W,,M3
1841,W,,0
1841,W,,M2
1841,W,,W
1842,W,,0
1842,W,,M3
1842,W,,W
1843,W,,1
1843,W,,2
1843,W,,3
1844,W,,1
1844,W,,2
1844,W,,M1
1845,W,,1
1845,W,,2
1845,W,,M2
1846,W,,1
1846,W,,2
1846,W,,M3
1847,W,,1
1847,W,,2
1847,W,,W
1848,W,,1
1848,W,,3
1848,W,,M1
1849,W,,1
1849,W,,3
1849,W,,M2
1850,W,,1
1850,W,,3
1850,W,,M3
1851,W,,1
1851,W,,3
1851,W,,W
1852,W,,1
1852,W,,M1
1852,W,,M2
1853,W,,1
1853,W,,M1
1853,W,,M3
1854,W,,1
1854,W,,M1
1854,W,,W
1855,W,,1
1855,W,,M2
1855,W,,M3
1856,W,,1
1856,W,,M2
1856,W,,W
1857,W,,1
1857,W,,M3
1857,W,,W
1858,W,,2
1858,W,,3
1858,W,,M1
1859,W,,2
1859,W,,3
1859,W,,M2
1860,W,,2
1860,W,,3
1860,W,,M3
1861,W,,2
1861,W,,3
1861,W,,W
1862,W,,2
1862,W,,M1
1862,W,,M2
1863,W,,2
1863,W,,M1
1863,W,,M3
1864,W,,2
1864,W,,M1
1864,W,,W
1865,W,,2
1865,W,,M2
1865,W,,M3
1866,W,,2
1866,W,,M2
1866,W,,W
1867,W,,2
1867,W,,M3
1867,W,,W
1868,W,,3
1868,W,,M1
1868,W,,M2
1869,W,,3
1869,W,,M1
1869,W,,M3
1870,W,,3
1870,W,,M1
1870,W,,W
1871,W,,3
1871,W,,M2
1871,W,,M3
1872,W,,3
1872,W,,M2
1872,W,,W
1873,W,,3
1873,W,,M3
1873,W,,W
1874,W,,M1
1874,W,,M2
1874,W,,M3
1875,W,,M1
1875,W,,M2
1875,W,,W
1876,W,,M1
1876,W,,M3
1876,W,,W
1877,W,,M2
1877,W,,M3
1877,W,,W
1878,W,,0
1878,W,,1
1878,W,,2
1878,W,,3
1879,W,,0
1879,W,,1
1879,W,,2
1879,W,,M1
1880,W,,0
1880,W,,1
1880,W,,2
1880,W,,M2
1881,W,,0
1881,W,,1
1881,W,,2
1881,W,,M3
1882,W,,0
1882,W,,1
1882,W,,2
1882,W,,W
1883,W,,0
1883,W,,1
1883,W,,3
1883,W,,M1
1884,W,,0
1884,W,,1
1884,W,,3
1884,W,,M2
1885,W,,0
1885,W,,1
1885,W,,3
1885,W,,M3
1886,W,,0
1886,W,,1
1886,W,,3
1886,W,,W
1887,W,,0
1887,W,,1
1887,W,,M1
1887,W,,M2
1888,W,,0
1888,W,,1
1888,W,,M1
1888,W,,M3
1889,W,,0
1889,W,,1
1889,W,,M1
1889,W,,W
1890,W,,0
1890,W,,1
1890,W,,M2
1890,W,,M3
1891,W,,0
1891,W,,1
1891,W,,M2
1891,W,,W
1892,W,,0
1892,W,,1
1892,W,,M3
1892,W,,W
1893,W,,0
1893,W,,2
1893,W,,3
1893,W,,M1
1894,W,,0
1894,W,,2
1894,W,,3
1894,W,,M2
1895,W,,0
1895,W,,2
1895,W,,3
1895,W,,M3
1896,W,,0
1896,W,,2
1896,W,,3
1896,W,,W
1897,W,,0
1897,W,,2
1897,W,,M1
1897,W,,M2
1898,W,,0
1898,W,,2
1898,W,,M1
1898,W,,M3
1899,W,,0
1899,W,,2
1899,W,,M1
1899,W,,W
1900,W,,0
1900,W,,2
1900,W,,M2
1900,W,,M3
1901,W,,0
1901,W,,2
1901,W,,M2
1901,W,,W
1902,W,,0
1902,W,,2
1902,W,,M3
1902,W,,W
1903,W,,0
1903,W,,3
1903,W,,M1
1903,W,,M2
1904,W,,0
1904,W,,3
1904,W,,M1
1904,W,,M3
1905,W,,0
1905,W,,3
1905,W,,M1
1905,W,,W
1906,W,,0
1906,W,,3
1906,W,,M2
1906,W,,M3
1907,W,,0
1907,W,,3
1907,W,,M2
1907,W,,W
1908,W,,0
1908,W,,3
1908,W,,M3
1908,W,,W
1909,W,,0
1909,W,,M1
1909,W,,M2
1909,W,,M3
1910,W,,0
1910,W,,M1
1910,W,,M2
1910,W,,W
1911,W,,0
1911,W,,M1
1911,W,,M3
1911,W,,W
1912,W,,0
1912,W,,M2
1912,W,,M3
1912,W,,W
1913,W,,1
1913,W,,2
1913,W,,3
1913,W,,M1
1914,W,,1
1914,W,,2
1914,W,,3
1914,W,,M2
1915,W,,1
1915,W,,2
1915,W,,3
1915,W,,M3
1916,W,,1
1916,W,,2
1916,W,,3
1916,W,,W
1917,W,,1
1917,W,,2
1917,W,,M1
1917,W,,M2
1918,W,,1
1918,W,,2
1918,W,,M1
1918,W,,M3
1919,W,,1
1919,W,,2
1919,W,,M1
1919,W,,W
1920,W,,1
1920,W,,2
1920,W,,M2
1920,W,,M3
1921,W,,1
1921,W,,2
1921,W,,M2
1921,W,,W
1922,W,,1
1922,W,,2
1922,W,,M3
1922,W,,W
1923,W,,1
1923,W,,3
1923,W,,M1
1923,W,,M2
1924,W,,1
1924,W,,3
1924,W,,M1
1924,W,,M3
1925,W,,1
1925,W,,3
1925,W,,M1
1925,W,,W
1926,W,,1
1926,W,,3
1926,W,,M2
1926,W,,M3
1927,W,,1
1927,W,,3
1927,W,,M2
1927,W,,W
1928,W,,1
1928,W,,3
1928,W,,M3
1928,W,,W
1929,W,,1
1929,W,,M1
1929,W,,M2
1929,W,,M3
1930,W,,1
1930,W,,M1
1930,W,,M2
1930,W,,W
1931,W,,1
1931,W,,M1
1931,W,,M3
1931,W,,W
1932,W,,1
1932,W,,M2
1932,W,,M3
1932,W,,W
1933,W,,2
1933,W,,3
1933,W,,M1
1933,W,,M2
1934,W,,2
1934,W,,3
1934,W,,M1
1934,W,,M3
1935,W,,2
1935,W,,3
1935,W,,M1
1935,W,,W
1936,W,,2
1936,W,,3
1936,W,,M2
1936,W,,M3
1937,W,,2
1937,W,,3
1937,W,,M2
1937,W,,W
1938,W,,2
1938,W,,3
1938,W,,M3
1938,W,,W
1939,W,,2
1939,W,,M1
1939,W,,M2
1939,W,,M3
1940,W,,2
1940,W,,M1
1940,W,,M2
1940,W,,W
1941,W,,2
1941,W,,M1
1941,W,,M3
1941,W,,W
1942,W,,2
1942,W,,M2
1942,W,,M3
1942,W,,W
1943,W,,3
1943,W,,M1
1943,W,,M2
1943,W,,M3
1944,W,,3
1944,W,,M1
1944,W,,M2
1944,W,,W
1945,W,,3
1945,W,,M1
1945,W,,M3
1945,W,,W
1946,W,,3
1946,W,,M2
1946,W,,M3
1946,W,,W
1947,W,,M1
1947,W,,M2
1947,W,,M3
1947,W,,W
1948,W,,0
1948,W,,1
1948,W,,2
1948,W,,3
1948,W,,M1
1949,W,,0
1949,W,,1
1949,W,,2
1949,W,,3
1949,W,,M2
1950,W,,0
1950,W,,1
1950,W,,2
1950,W,,3
1950,W,,M3
1951,W,,0
1951,W,,1
1951,W,,2
1951,W,,3
1951,W,,W
1952,W,,0
1952,W,,1
1952,W,,2
1952,W,,M1
1952,W,,M2
1953,W,,0
1953,W,,1
1953,W,,2
1953,W,,M1
1953,W,,M3
1954,W,,0
1954,W,,1
1954,W,,2
1954,W,,M1
1954,W,,W
1955,W,,0
1955,W,,1
1955,W,,2
1955,W,,M2
1955,W,,M3
1956,W,,0
1956,W,,1
1956,W,,2
1956,W,,M2
1956,W,,W
1957,W,,0
1957,W,,1
1957,W,,2
1957,W,,M3
1957,W,,W
1958,W,,0
1958,W,,1
1958,W,,3
1958,W,,M1
1958,W,,M2
1959,W,,0
1959,W,,1
1959,W,,3
1959,W,,M1
1959,W,,M3
1960,W,,0
1960,W,,1
1960,W,,3
1960,W,,M1
1960,W,,W
1961,W,,0
1961,W,,1
1961,W,,3
1961,W,,M2
1961,W,,M3
1962,W,,0
1962,W,,1
1962,W,,3
1962,W,,M2
1962,W,,W
1963,W,,0
1963,W,,1
1963,W,,3
1963,W,,M3
1963,W,,W
1964,W,,0
1964,W,,1
1964,W,,M1
1964,W,,M2
1964,W,,M3
1965,W,,0
1965,W,,1
1965,W,,M1
1965,W,,M2
1965,W,,W
1966,W,,0
1966,W,,1
1966,W,,M1
1966,W,,M3
1966,W,,W
1967,W,,0
1967,W,,1
1967,W,,M2
1967,W,,M3
1967,W,,W
1968,W,,0
1968,W,,2
1968,W,,3
1968,W,,M1
1968,W,,M2
1969,W,,0
1969,W,,2
1969,W,,3
1969,W,,M1
1969,W,,M3
1970,W,,0
1970,W,,2
1970,W,,3
1970,W,,M1
1970,W,,W
1971,W,,0
1971,W,,2
1971,W,,3
1971,W,,M2
1971,W,,M3
1972,W,,0
1972,W,,2
1972,W,,3
1972,W,,M2
1972,W,,W
1973,W,,0
1973,W,,2
1973,W,,3
1973,W,,M3
1973,W,,W
1974,W,,0
1974,W,,2
1974,W,,M1
1974,W,,M2
1974,W,,M3
1975,W,,0
1975,W,,2
1975,W,,M1
1975,W,,M2
1975,W,,W
1976,W,,0
1976,W,,2
1976,W,,M1
1976,W,,M3
1976,W,,W
1977,W,,0
1977,W,,2
1977,W,,M2
1977,W,,M3
1977,W,,W
1978,W,,0
1978,W,,3
1978,W,,M1
1978,W,,M2
1978,W,,M3
1979,W,,0
1979,W,,3
1979,W,,M1
1979,W,,M2
1979,W,,W
1980,W,,0
1980,W,,3
1980,W,,M1
1980,W,,M3
1980,W,,W
1981,W,,0
1981,W,,3
1981,W,,M2
1981,W,,M3
1981,W,,W
1982,W,,0
1982,W,,M1
1982,W,,M2
1982,W,,M3
1982,W,,W
1983,W,,1
1983,W,,2
1983,W,,3
1983,W,,M1
1983,W,,M2
1984,W,,1
1984,W,,2
1984,W,,3
1984,W,,M1
1984,W,,M3
1985,W,,1
1985,W,,2
1985,W,,3
1985,W,,M1
1985,W,,W
1986,W,,1
1986,W,,2
1986,W,,3
1986,W,,M2
1986,W,,M3
1987,W,,1
1987,W,,2
1987,W,,3
1987,W,,M2
1987,W,,W
1988,W,,1
1988,W,,2
1988,W,,3
1988,W,,M3
1988,W,,W
1989,W,,1
1989,W,,2
1989,W,,M1
1989,W,,M2
1989,W,,M3
1990,W,,1
1990,W,,2
1990,W,,M1
1990,W,,M2
1990,W,,W
1991,W,,1
1991,W,,2
1991,W,,M1
1991,W,,M3
1991,W,,W
1992,W,,1
1992,W,,2
1992,W,,M2
1992,W,,M3
1992,W,,W
1993,W,,1
1993,W,,3
1993,W,,M1
1993,W,,M2
1993,W,,M3
1994,W,,1
1994,W,,3
1994,W,,M1
1994,W,,M2
1994,W,,W
1995,W,,1
1995,W,,3
1995,W,,M1
1995,W,,M3
1995,W,,W
1996,W,,1
1996,W,,3
1996,W,,M2
1996,W,,M3
1996,W,,W
1997,W,,1
1997,W,,M1
1997,W,,M2
1997,W,,M3
1997,W,,W
1998,W,,2
1998,W,,3
1998,W,,M1
1998,W,,M2
1998,W,,M3
1999,W,,2
1999,W,,3
1999,W,,M1
1999,W,,M2
1999,W,,W
2000,W,,2
2000,W,,3
2000,W,,M1
2000,W,,M3
2000,W,,W
2001,W,,2
2001,W,,3
2001,W,,M2
2001,W,,M3
2001,W,,W
2002,W,,2
2002,W,,M1
2002,W,,M2
2002,W,,M3
2002,W,,W
2003,W,,3
2003,W,,M1
2003,W,,M2
2003,W,,M3
2003,W,,W
2004,W,,0
2004,W,,1
2004,W,,2
2004,W,,3
2004,W,,M1
2004,W,,M2
2005,W,,0
2005,W,,1
2005,W,,2
2005,W,,3
2005,W,,M1
2005,W,,M3
2006,W,,0
2006,W,,1
2006,W,,2
2006,W,,3
2006,W,,M1
2006,W,,W
2007,W,,0
2007,W,,1
2007,W,,2
2007,W,,3
2007,W,,M2
2007,W,,M3
2008,W,,0
2008,W,,1
2008,W,,2
2008,W,,3
2008,W,,M2
2008,W,,W
2009,W,,0
2009,W,,1
2009,W,,2
2009,W,,3
2009,W,,M3
2009,W,,W
2010,W,,0
2010,W,,1
2010,W,,2
2010,W,,M1
2010,W,,M2
2010,W,,M3
2011,W,,0
2011,W,,1
2011,W,,2
2011,W,,M1
2011,W,,M2
2011,W,,W
2012,W,,0
2012,W,,1
2012,W,,2
2012,W,,M1
2012,W,,M3
2012,W,,W
2013,W,,0
2013,W,,1
2013,W,,2
2013,W,,M2
2013,W,,M3
2013,W,,W
2014,W,,0
2014,W,,1
2014,W,,3
2014,W,,M1
2014,W,,M2
2014,W,,M3
2015,W,,0
2015,W,,1
2015,W,,3
2015,W,,M1
2015,W,,M2
2015,W,,W
2016,W,,0
2016,W,,1
2016,W,,3
2016,W,,M1
2016,W,,M3
2016,W,,W
2017,W,,0
2017,W,,1
2017,W,,3
2017,W,,M2
2017,W,,M3
2017,W,,W
2018,W,,0
2018,W,,1
2018,W,,M1
2018,W,,M2
2018,W,,M3
2018,W,,W
2019,W,,0
2019,W,,2
2019,W,,3
2019,W,,M1
2019,W,,M2
2019,W,,M3
2020,W,,0
2020,W,,2
2020,W,,3
2020,W,,M1
2020,W,,M2
2020,W,,W
2021,W,,0
2021,W,,2
2021,W,,3
2021,W,,M1
2021,W,,M3
2021,W,,W
2022,W,,0
2022,W,,2
2022,W,,3
2022,W,,M2
2022,W,,M3
2022,W,,W
2023,W,,0
2023,W,,2
2023,W,,M1
2023,W,,M2
2023,W,,M3
2023,W,,W
2024,W,,0
2024,W,,3
2024,W,,M1
2024,W,,M2
2024,W,,M3
2024,W,,W
2025,W,,1
2025,W,,2
2025,W,,3
2025,W,,M1
2025,W,,M2
2025,W,,M3
2026,W,,1
2026,W,,2
2026,W,,3
2026,W,,M1
2026,W,,M2
2026,W,,W
2027,W,,1
2027,W,,2
2027,W,,3
2027,W,,M1
2027,W,,M3
2027,W,,W
2028,W,,1
2028,W,,2
2028,W,,3
2028,W,,M2
2028,W,,M3
2028,W,,W
2029,W,,1
2029,W,,2
2029,W,,M1
2029,W,,M2
2029,W,,M3
2029,W,,W
2030,W,,1
2030,W,,3
2030,W,,M1
2030,W,,M2
2030,W,,M3
2030,W,,W
2031,W,,2
2031,W,,3
2031,W,,M1
2031,W,,M2
2031,W,,M3
2031,W,,W
2032,W,,0
2032,W,,1
2032,W,,2
2032,W,,3
2032,W,,M1
2032,W,,M2
2032,W,,M3
2033,W,,0
2033,W,,1
2033,W,,2
2033,W,,3
2033,W,,M1
2033,W,,M2
2033,W,,W
2034,W,,0
2034,W,,1
2034,W,,2
2034,W,,3
2034,W,,M1
2034,W,,M3
2034,W,,W
2035,W,,0
2035,W,,1
2035,W,,2
2035,W,,3
2035,W,,M2
2035,W,,M3
2035,W,,W
2036,W,,0
2036,W,,1
2036,W,,2
2036,W,,M1
2036,W,,M2
2036,W,,M3
2036,W,,W
2037,W,,0
2037,W,,1
2037,W,,3
2037,W,,M1
2037,W,,M2
2037,W,,M3
2037,W,,W
2038,W,,0
2038,W,,2
2038,W,,3
2038,W,,M1
2038,W,,M2
2038,W,,M3
2038,W,,W
2039,W,,1
2039,W,,2
2039,W,,3
2039,W,,M1
2039,W,,M2
2039,W,,M3
2039,W,,W
2040,W,,0
2040,W,,1
2040,W,,2
2040,W,,3
2040,W,,M1
2040,W,,M2
2040,W,,M3
2040,W,,W
