fare_id,price,currency_type,payment_method,transfers,transfer_duration
0,4,USD,1,0,
1,0,USD,1,,7200
2,2.1,USD,1,,7200
3,2.1,USD,1,,7200
4,2.1,USD,1,,7200
5,2.1,USD,1,,7200
6,2.1,USD,1,,7200
7,2.1,USD,1,,7200
8,2.4,USD,1,,7200
9,2.1,USD,1,,7200
10,2.1,USD,1,,7200
11,2.4,USD,1,,7200
12,2.1,USD,1,,7200
13,2.1,USD,1,,7200
14,2.4,USD,1,,7200
15,2.4,USD,1,,7200
16,2.1,USD,1,,7200
17,2.4,USD,1,,7200
18,2.1,USD,1,,7200
19,2.1,USD,1,,7200
20,2.4,USD,1,,7200
21,2.4,USD,1,,7200
22,2.1,USD,1,,7200
23,2.1,USD,1,,7200
24,2.1,USD,1,,7200
25,2.1,USD,1,,7200
26,2.4,USD,1,,7200
27,2.4,USD,1,,7200
28,2.1,USD,1,,7200
29,2.1,USD,1,,7200
30,2.4,USD,1,,7200
31,2.1,USD,1,,7200
32,2.4,USD,1,,7200
33,2.4,USD,1,,7200
34,2.1,USD,1,,7200
35,2.4,USD,1,,7200
36,2.4,USD,1,,7200
37,2.1,USD,1,,7200
38,2.4,USD,1,,7200
39,2.1,USD,1,,7200
40,2.1,USD,1,,7200
41,2.4,USD,1,,7200
42,2.4,USD,1,,7200
43,2.4,USD,1,,7200
44,2.1,USD,1,,7200
45,2.1,USD,1,,7200
46,2.4,USD,1,,7200
47,2.4,USD,1,,7200
48,2.4,USD,1,,7200
49,2.4,USD,1,,7200
50,2.4,USD,1,,7200
51,2.4,USD,1,,7200
52,2.1,USD,1,,7200
53,2.4,USD,1,,7200
54,2.4,USD,1,,7200
55,2.4,USD,1,,7200
56,2.4,USD,1,,7200
57,2.4,USD,1,,7200
58,2.4,USD,1,,7200
59,2.1,USD,1,,7200
60,2.1,USD,1,,7200
61,2.4,USD,1,,7200
62,2.4,USD,1,,7200
63,2.4,USD,1,,7200
64,2.4,USD,1,,7200
65,2.4,USD,1,,7200
66,2.4,USD,1,,7200
67,2.1,USD,1,,7200
68,2.4,USD,1,,7200
69,2.4,USD,1,,7200
70,2.4,USD,1,,7200
71,2.4,USD,1,,7200
72,2.4,USD,1,,7200
73,2.4,USD,1,,7200
74,2.1,USD,1,,7200
75,2.1,USD,1,,7200
76,2.4,USD,1,,7200
77,2.1,USD,1,,7200
78,2.4,USD,1,,7200
79,2.4,USD,1,,7200
80,2.1,USD,1,,7200
81,2.4,USD,1,,7200
82,2.4,USD,1,,7200
83,2.4,USD,1,,7200
84,2.4,USD,1,,7200
85,2.4,USD,1,,7200
86,2.1,USD,1,,7200
87,2.4,USD,1,,7200
88,2.4,USD,1,,7200
89,2.4,USD,1,,7200
90,2.4,USD,1,,7200
91,2.4,USD,1,,7200
92,2.4,USD,1,,7200
93,2.4,USD,1,,7200
94,2.1,USD,1,,7200
95,2.1,USD,1,,7200
96,2.4,USD,1,,7200
97,2.4,USD,1,,7200
98,2.4,USD,1,,7200
99,2.4,USD,1,,7200
100,2.4,USD,1,,7200
101,2.4,USD,1,,7200
102,2.1,USD,1,,7200
103,2.4,USD,1,,7200
104,2.4,USD,1,,7200
105,2.4,USD,1,,7200
106,2.4,USD,1,,7200
107,2.4,USD,1,,7200
108,2.4,USD,1,,7200
109,2.4,USD,1,,7200
110,2.4,USD,1,,7200
111,2.4,USD,1,,7200
112,2.1,USD,1,,7200
113,2.4,USD,1,,7200
114,2.4,USD,1,,7200
115,2.4,USD,1,,7200
116,2.4,USD,1,,7200
117,2.4,USD,1,,7200
118,2.4,USD,1,,7200
119,2.4,USD,1,,7200
120,2.4,USD,1,,7200
121,2.4,USD,1,,7200
122,2.4,USD,1,,7200
123,2.4,USD,1,,7200
124,2.4,USD,1,,7200
125,2.4,USD,1,,7200
126,2.4,USD,1,,7200
127,2.4,USD,1,,7200
128,2.4,USD,1,,7200
129,2.4,USD,1,,7200
130,2.4,USD,1,,7200
131,2.4,USD,1,,7200
132,2.1,USD,1,,7200
133,2.4,USD,1,,7200
134,2.4,USD,1,,7200
135,2.4,USD,1,,7200
136,2.4,USD,1,,7200
137,2.4,USD,1,,7200
138,2.4,USD,1,,7200
139,2.4,USD,1,,7200
140,2.4,USD,1,,7200
141,2.4,USD,1,,7200
142,2.4,USD,1,,7200
143,2.4,USD,1,,7200
144,2.4,USD,1,,7200
145,2.4,USD,1,,7200
146,2.4,USD,1,,7200
147,2.4,USD,1,,7200
148,2.4,USD,1,,7200
149,2.4,USD,1,,7200
150,2.4,USD,1,,7200
151,2.1,USD,1,,7200
152,2.4,USD,1,,7200
153,2.4,USD,1,,7200
154,2.4,USD,1,,7200
155,2.4,USD,1,,7200
156,2.4,USD,1,,7200
157,2.4,USD,1,,7200
158,2.4,USD,1,,7200
159,2.4,USD,1,,7200
160,2.4,USD,1,,7200
161,2.4,USD,1,,7200
162,2.4,USD,1,,7200
163,2.4,USD,1,,7200
164,2.4,USD,1,,7200
165,2.4,USD,1,,7200
166,2.4,USD,1,,7200
167,2.1,USD,1,,7200
168,2.4,USD,1,,7200
169,2.4,USD,1,,7200
170,2.4,USD,1,,7200
171,2.4,USD,1,,7200
172,2.4,USD,1,,7200
173,2.4,USD,1,,7200
174,2.4,USD,1,,7200
175,2.4,USD,1,,7200
176,2.4,USD,1,,7200
177,2.4,USD,1,,7200
178,2.4,USD,1,,7200
179,2.4,USD,1,,7200
180,2.4,USD,1,,7200
181,2.4,USD,1,,7200
182,2.4,USD,1,,7200
183,2.4,USD,1,,7200
184,2.4,USD,1,,7200
185,2.4,USD,1,,7200
186,2.4,USD,1,,7200
187,2.4,USD,1,,7200
188,2.4,USD,1,,7200
189,2.4,USD,1,,7200
190,2.4,USD,1,,7200
191,2.4,USD,1,,7200
192,2.4,USD,1,,7200
193,2.4,USD,1,,7200
194,2.4,USD,1,,7200
195,2.4,USD,1,,7200
196,2.4,USD,1,,7200
197,2.4,USD,1,,7200
198,2.4,USD,1,,7200
199,2.4,USD,1,,7200
200,2.4,USD,1,,7200
201,2.4,USD,1,,7200
202,2.4,USD,1,,7200
203,2.4,USD,1,,7200
204,2.4,USD,1,,7200
205,2.4,USD,1,,7200
206,2.4,USD,1,,7200
207,2.4,USD,1,,7200
208,2.4,USD,1,,7200
209,2.4,USD,1,,7200
210,2.4,USD,1,,7200
211,2.4,USD,1,,7200
212,2.4,USD,1,,7200
213,2.4,USD,1,,7200
214,2.4,USD,1,,7200
215,2.4,USD,1,,7200
216,2.4,USD,1,,7200
217,2.4,USD,1,,7200
218,2.4,USD,1,,7200
219,2.4,USD,1,,7200
220,2.4,USD,1,,7200
221,2.4,USD,1,,7200
222,2.4,USD,1,,7200
223,2.4,USD,1,,7200
224,2.4,USD,1,,7200
225,2.4,USD,1,,7200
226,2.4,USD,1,,7200
227,2.4,USD,1,,7200
228,2.4,USD,1,,7200
229,2.4,USD,1,,7200
230,2.4,USD,1,,7200
231,2.4,USD,1,,7200
232,2.4,USD,1,,7200
233,2.4,USD,1,,7200
234,2.4,USD,1,,7200
235,2.4,USD,1,,7200
236,2.4,USD,1,,7200
237,2.4,USD,1,,7200
238,2.4,USD,1,,7200
239,2.4,USD,1,,7200
240,2.4,USD,1,,7200
241,2.4,USD,1,,7200
242,2.4,USD,1,,7200
243,2.4,USD,1,,7200
244,2.4,USD,1,,7200
245,2.4,USD,1,,7200
246,2.4,USD,1,,7200
247,2.4,USD,1,,7200
248,2.4,USD,1,,7200
249,2.4,USD,1,,7200
250,2.4,USD,1,,7200
251,2.4,USD,1,,7200
252,2.4,USD,1,,7200
253,2.4,USD,1,,7200
254,2.4,USD,1,,7200
255,2.4,USD,1,,7200
256,0,USD,0,,7200
257,2.1,USD,0,,7200
258,2.1,USD,0,,7200
259,2.1,USD,0,,7200
260,2.1,USD,0,,7200
261,2.1,USD,0,,7200
262,2.1,USD,0,,7200
263,2.4,USD,0,,7200
264,2.1,USD,0,,7200
265,2.1,USD,0,,7200
266,2.4,USD,0,,7200
267,2.1,USD,0,,7200
268,2.1,USD,0,,7200
269,2.4,USD,0,,7200
270,2.4,USD,0,,7200
271,2.1,USD,0,,7200
272,2.4,USD,0,,7200
273,2.1,USD,0,,7200
274,2.1,USD,0,,7200
275,2.4,USD,0,,7200
276,2.4,USD,0,,7200
277,2.1,USD,0,,7200
278,2.1,USD,0,,7200
279,2.1,USD,0,,7200
280,2.1,USD,0,,7200
281,2.4,USD,0,,7200
282,2.4,USD,0,,7200
283,2.1,USD,0,,7200
284,2.1,USD,0,,7200
285,2.4,USD,0,,7200
286,2.1,USD,0,,7200
287,2.4,USD,0,,7200
288,2.4,USD,0,,7200
289,2.1,USD,0,,7200
290,2.4,USD,0,,7200
291,2.4,USD,0,,7200
292,2.1,USD,0,,7200
293,2.4,USD,0,,7200
294,2.1,USD,0,,7200
295,2.1,USD,0,,7200
296,2.4,USD,0,,7200
297,2.4,USD,0,,7200
298,2.4,USD,0,,7200
299,2.1,USD,0,,7200
300,2.1,USD,0,,7200
301,2.4,USD,0,,7200
302,2.4,USD,0,,7200
303,2.4,USD,0,,7200
304,2.4,USD,0,,7200
305,2.4,USD,0,,7200
306,2.4,USD,0,,7200
307,2.1,USD,0,,7200
308,2.4,USD,0,,7200
309,2.4,USD,0,,7200
310,2.4,USD,0,,7200
311,2.4,USD,0,,7200
312,2.4,USD,0,,7200
313,2.4,USD,0,,7200
314,2.1,USD,0,,7200
315,2.1,USD,0,,7200
316,2.4,USD,0,,7200
317,2.4,USD,0,,7200
318,2.4,USD,0,,7200
319,2.4,USD,0,,7200
320,2.4,USD,0,,7200
321,2.4,USD,0,,7200
322,2.1,USD,0,,7200
323,2.4,USD,0,,7200
324,2.4,USD,0,,7200
325,2.4,USD,0,,7200
326,2.4,USD,0,,7200
327,2.4,USD,0,,7200
328,2.4,USD,0,,7200
329,2.1,USD,0,,7200
330,2.1,USD,0,,7200
331,2.4,USD,0,,7200
332,2.1,USD,0,,7200
333,2.4,USD,0,,7200
334,2.4,USD,0,,7200
335,2.1,USD,0,,7200
336,2.4,USD,0,,7200
337,2.4,USD,0,,7200
338,2.4,USD,0,,7200
339,2.4,USD,0,,7200
340,2.4,USD,0,,7200
341,2.1,USD,0,,7200
342,2.4,USD,0,,7200
343,2.4,USD,0,,7200
344,2.4,USD,0,,7200
345,2.4,USD,0,,7200
346,2.4,USD,0,,7200
347,2.4,USD,0,,7200
348,2.4,USD,0,,7200
349,2.1,USD,0,,7200
350,2.1,USD,0,,7200
351,2.4,USD,0,,7200
352,2.4,USD,0,,7200
353,2.4,USD,0,,7200
354,2.4,USD,0,,7200
355,2.4,USD,0,,7200
356,2.4,USD,0,,7200
357,2.1,USD,0,,7200
358,2.4,USD,0,,7200
359,2.4,USD,0,,7200
360,2.4,USD,0,,7200
361,2.4,USD,0,,7200
362,2.4,USD,0,,7200
363,2.4,USD,0,,7200
364,2.4,USD,0,,7200
365,2.4,USD,0,,7200
366,2.4,USD,0,,7200
367,2.1,USD,0,,7200
368,2.4,USD,0,,7200
369,2.4,USD,0,,7200
370,2.4,USD,0,,7200
371,2.4,USD,0,,7200
372,2.4,USD,0,,7200
373,2.4,USD,0,,7200
374,2.4,USD,0,,7200
375,2.4,USD,0,,7200
376,2.4,USD,0,,7200
377,2.4,USD,0,,7200
378,2.4,USD,0,,7200
379,2.4,USD,0,,7200
380,2.4,USD,0,,7200
381,2.4,USD,0,,7200
382,2.4,USD,0,,7200
383,2.4,USD,0,,7200
384,2.4,USD,0,,7200
385,2.4,USD,0,,7200
386,2.4,USD,0,,7200
387,2.1,USD,0,,7200
388,2.4,USD,0,,7200
389,2.4,USD,0,,7200
390,2.4,USD,0,,7200
391,2.4,USD,0,,7200
392,2.4,USD,0,,7200
393,2.4,USD,0,,7200
394,2.4,USD,0,,7200
395,2.4,USD,0,,7200
396,2.4,USD,0,,7200
397,2.4,USD,0,,7200
398,2.4,USD,0,,7200
399,2.4,USD,0,,7200
400,2.4,USD,0,,7200
401,2.4,USD,0,,7200
402,2.4,USD,0,,7200
403,2.4,USD,0,,7200
404,2.4,USD,0,,7200
405,2.4,USD,0,,7200
406,2.1,USD,0,,7200
407,2.4,USD,0,,7200
408,2.4,USD,0,,7200
409,2.4,USD,0,,7200
410,2.4,USD,0,,7200
411,2.4,USD,0,,7200
412,2.4,USD,0,,7200
413,2.4,USD,0,,7200
414,2.4,USD,0,,7200
415,2.4,USD,0,,7200
416,2.4,USD,0,,7200
417,2.4,USD,0,,7200
418,2.4,USD,0,,7200
419,2.4,USD,0,,7200
420,2.4,USD,0,,7200
421,2.4,USD,0,,7200
422,2.1,USD,0,,7200
423,2.4,USD,0,,7200
424,2.4,USD,0,,7200
425,2.4,USD,0,,7200
426,2.4,USD,0,,7200
427,2.4,USD,0,,7200
428,2.4,USD,0,,7200
429,2.4,USD,0,,7200
430,2.4,USD,0,,7200
431,2.4,USD,0,,7200
432,2.4,USD,0,,7200
433,2.4,USD,0,,7200
434,2.4,USD,0,,7200
435,2.4,USD,0,,7200
436,2.4,USD,0,,7200
437,2.4,USD,0,,7200
438,2.4,USD,0,,7200
439,2.4,USD,0,,7200
440,2.4,USD,0,,7200
441,2.4,USD,0,,7200
442,2.4,USD,0,,7200
443,2.4,USD,0,,7200
444,2.4,USD,0,,7200
445,2.4,USD,0,,7200
446,2.4,USD,0,,7200
447,2.4,USD,0,,7200
448,2.4,USD,0,,7200
449,2.4,USD,0,,7200
450,2.4,USD,0,,7200
451,2.4,USD,0,,7200
452,2.4,USD,0,,7200
453,2.4,USD,0,,7200
454,2.4,USD,0,,7200
455,2.4,USD,0,,7200
456,2.4,USD,0,,7200
457,2.4,USD,0,,7200
458,2.4,USD,0,,7200
459,2.4,USD,0,,7200
460,2.4,USD,0,,7200
461,2.4,USD,0,,7200
462,2.4,USD,0,,7200
463,2.4,USD,0,,7200
464,2.4,USD,0,,7200
465,2.4,USD,0,,7200
466,2.4,USD,0,,7200
467,2.4,USD,0,,7200
468,2.4,USD,0,,7200
469,2.4,USD,0,,7200
470,2.4,USD,0,,7200
471,2.4,USD,0,,7200
472,2.4,USD,0,,7200
473,2.4,USD,0,,7200
474,2.4,USD,0,,7200
475,2.4,USD,0,,7200
476,2.4,USD,0,,7200
477,2.4,USD,0,,7200
478,2.4,USD,0,,7200
479,2.4,USD,0,,7200
480,2.4,USD,0,,7200
481,2.4,USD,0,,7200
482,2.4,USD,0,,7200
483,2.4,USD,0,,7200
484,2.4,USD,0,,7200
485,2.4,USD,0,,7200
486,2.4,USD,0,,7200
487,2.4,USD,0,,7200
488,2.4,USD,0,,7200
489,2.4,USD,0,,7200
490,2.4,USD,0,,7200
491,2.4,USD,0,,7200
492,2.4,USD,0,,7200
493,2.4,USD,0,,7200
494,2.4,USD,0,,7200
495,2.4,USD,0,,7200
496,2.4,USD,0,,7200
497,2.4,USD,0,,7200
498,2.4,USD,0,,7200
499,2.4,USD,0,,7200
500,2.4,USD,0,,7200
501,2.4,USD,0,,7200
502,2.4,USD,0,,7200
503,2.4,USD,0,,7200
504,2.4,USD,0,,7200
505,2.4,USD,0,,7200
506,2.4,USD,0,,7200
507,2.4,USD,0,,7200
508,2.4,USD,0,,7200
509,2.4,USD,0,,7200
510,2.4,USD,0,,7200
511,0,USD,0,,7200
512,2.1,USD,0,,7200
513,2.1,USD,0,,7200
514,2.1,USD,0,,7200
515,2.1,USD,0,,7200
516,2.1,USD,0,,7200
517,2.1,USD,0,,7200
518,2.4,USD,0,,7200
519,2.1,USD,0,,7200
520,2.1,USD,0,,7200
521,2.4,USD,0,,7200
522,2.1,USD,0,,7200
523,2.1,USD,0,,7200
524,2.4,USD,0,,7200
525,2.4,USD,0,,7200
526,2.1,USD,0,,7200
527,2.4,USD,0,,7200
528,2.1,USD,0,,7200
529,2.1,USD,0,,7200
530,2.4,USD,0,,7200
531,2.4,USD,0,,7200
532,2.1,USD,0,,7200
533,2.1,USD,0,,7200
534,2.1,USD,0,,7200
535,2.1,USD,0,,7200
536,2.4,USD,0,,7200
537,2.4,USD,0,,7200
538,2.1,USD,0,,7200
539,2.1,USD,0,,7200
540,2.4,USD,0,,7200
541,2.1,USD,0,,7200
542,2.4,USD,0,,7200
543,2.4,USD,0,,7200
544,2.1,USD,0,,7200
545,2.4,USD,0,,7200
546,2.4,USD,0,,7200
547,2.1,USD,0,,7200
548,2.4,USD,0,,7200
549,2.1,USD,0,,7200
550,2.1,USD,0,,7200
551,2.4,USD,0,,7200
552,2.4,USD,0,,7200
553,2.4,USD,0,,7200
554,2.1,USD,0,,7200
555,2.1,USD,0,,7200
556,2.4,USD,0,,7200
557,2.4,USD,0,,7200
558,2.4,USD,0,,7200
559,2.4,USD,0,,7200
560,2.4,USD,0,,7200
561,2.4,USD,0,,7200
562,2.1,USD,0,,7200
563,2.4,USD,0,,7200
564,2.4,USD,0,,7200
565,2.4,USD,0,,7200
566,2.4,USD,0,,7200
567,2.4,USD,0,,7200
568,2.4,USD,0,,7200
569,2.1,USD,0,,7200
570,2.1,USD,0,,7200
571,2.4,USD,0,,7200
572,2.4,USD,0,,7200
573,2.4,USD,0,,7200
574,2.4,USD,0,,7200
575,2.4,USD,0,,7200
576,2.4,USD,0,,7200
577,2.1,USD,0,,7200
578,2.4,USD,0,,7200
579,2.4,USD,0,,7200
580,2.4,USD,0,,7200
581,2.4,USD,0,,7200
582,2.4,USD,0,,7200
583,2.4,USD,0,,7200
584,2.1,USD,0,,7200
585,2.1,USD,0,,7200
586,2.4,USD,0,,7200
587,2.1,USD,0,,7200
588,2.4,USD,0,,7200
589,2.4,USD,0,,7200
590,2.1,USD,0,,7200
591,2.4,USD,0,,7200
592,2.4,USD,0,,7200
593,2.4,USD,0,,7200
594,2.4,USD,0,,7200
595,2.4,USD,0,,7200
596,2.1,USD,0,,7200
597,2.4,USD,0,,7200
598,2.4,USD,0,,7200
599,2.4,USD,0,,7200
600,2.4,USD,0,,7200
601,2.4,USD,0,,7200
602,2.4,USD,0,,7200
603,2.4,USD,0,,7200
604,2.1,USD,0,,7200
605,2.1,USD,0,,7200
606,2.4,USD,0,,7200
607,2.4,USD,0,,7200
608,2.4,USD,0,,7200
609,2.4,USD,0,,7200
610,2.4,USD,0,,7200
611,2.4,USD,0,,7200
612,2.1,USD,0,,7200
613,2.4,USD,0,,7200
614,2.4,USD,0,,7200
615,2.4,USD,0,,7200
616,2.4,USD,0,,7200
617,2.4,USD,0,,7200
618,2.4,USD,0,,7200
619,2.4,USD,0,,7200
620,2.4,USD,0,,7200
621,2.4,USD,0,,7200
622,2.1,USD,0,,7200
623,2.4,USD,0,,7200
624,2.4,USD,0,,7200
625,2.4,USD,0,,7200
626,2.4,USD,0,,7200
627,2.4,USD,0,,7200
628,2.4,USD,0,,7200
629,2.4,USD,0,,7200
630,2.4,USD,0,,7200
631,2.4,USD,0,,7200
632,2.4,USD,0,,7200
633,2.4,USD,0,,7200
634,2.4,USD,0,,7200
635,2.4,USD,0,,7200
636,2.4,USD,0,,7200
637,2.4,USD,0,,7200
638,2.4,USD,0,,7200
639,2.4,USD,0,,7200
640,2.4,USD,0,,7200
641,2.4,USD,0,,7200
642,2.1,USD,0,,7200
643,2.4,USD,0,,7200
644,2.4,USD,0,,7200
645,2.4,USD,0,,7200
646,2.4,USD,0,,7200
647,2.4,USD,0,,7200
648,2.4,USD,0,,7200
649,2.4,USD,0,,7200
650,2.4,USD,0,,7200
651,2.4,USD,0,,7200
652,2.4,USD,0,,7200
653,2.4,USD,0,,7200
654,2.4,USD,0,,7200
655,2.4,USD,0,,7200
656,2.4,USD,0,,7200
657,2.4,USD,0,,7200
658,2.4,USD,0,,7200
659,2.4,USD,0,,7200
660,2.4,USD,0,,7200
661,2.1,USD,0,,7200
662,2.4,USD,0,,7200
663,2.4,USD,0,,7200
664,2.4,USD,0,,7200
665,2.4,USD,0,,7200
666,2.4,USD,0,,7200
667,2.4,USD,0,,7200
668,2.4,USD,0,,7200
669,2.4,USD,0,,7200
670,2.4,USD,0,,7200
671,2.4,USD,0,,7200
672,2.4,USD,0,,7200
673,2.4,USD,0,,7200
674,2.4,USD,0,,7200
675,2.4,USD,0,,7200
676,2.4,USD,0,,7200
677,2.1,USD,0,,7200
678,2.4,USD,0,,7200
679,2.4,USD,0,,7200
680,2.4,USD,0,,7200
681,2.4,USD,0,,7200
682,2.4,USD,0,,7200
683,2.4,USD,0,,7200
684,2.4,USD,0,,7200
685,2.4,USD,0,,7200
686,2.4,USD,0,,7200
687,2.4,USD,0,,7200
688,2.4,USD,0,,7200
689,2.4,USD,0,,7200
690,2.4,USD,0,,7200
691,2.4,USD,0,,7200
692,2.4,USD,0,,7200
693,2.4,USD,0,,7200
694,2.4,USD,0,,7200
695,2.4,USD,0,,7200
696,2.4,USD,0,,7200
697,2.4,USD,0,,7200
698,2.4,USD,0,,7200
699,2.4,USD,0,,7200
700,2.4,USD,0,,7200
701,2.4,USD,0,,7200
702,2.4,USD,0,,7200
703,2.4,USD,0,,7200
704,2.4,USD,0,,7200
705,2.4,USD,0,,7200
706,2.4,USD,0,,7200
707,2.4,USD,0,,7200
708,2.4,USD,0,,7200
709,2.4,USD,0,,7200
710,2.4,USD,0,,7200
711,2.4,USD,0,,7200
712,2.4,USD,0,,7200
713,2.4,USD,0,,7200
714,2.4,USD,0,,7200
715,2.4,USD,0,,7200
716,2.4,USD,0,,7200
717,2.4,USD,0,,7200
718,2.4,USD,0,,7200
719,2.4,USD,0,,7200
720,2.4,USD,0,,7200
721,2.4,USD,0,,7200
722,2.4,USD,0,,7200
723,2.4,USD,0,,7200
724,2.4,USD,0,,7200
725,2.4,USD,0,,7200
726,2.4,USD,0,,7200
727,2.4,USD,0,,7200
728,2.4,USD,0,,7200
729,2.4,USD,0,,7200
730,2.4,USD,0,,7200
731,2.4,USD,0,,7200
732,2.4,USD,0,,7200
733,2.4,USD,0,,7200
734,2.4,USD,0,,7200
735,2.4,USD,0,,7200
736,2.4,USD,0,,7200
737,2.4,USD,0,,7200
738,2.4,USD,0,,7200
739,2.4,USD,0,,7200
740,2.4,USD,0,,7200
741,2.4,USD,0,,7200
742,2.4,USD,0,,7200
743,2.4,USD,0,,7200
744,2.4,USD,0,,7200
745,2.4,USD,0,,7200
746,2.4,USD,0,,7200
747,2.4,USD,0,,7200
748,2.4,USD,0,,7200
749,2.4,USD,0,,7200
750,2.4,USD,0,,7200
751,2.4,USD,0,,7200
752,2.4,USD,0,,7200
753,2.4,USD,0,,7200
754,2.4,USD,0,,7200
755,2.4,USD,0,,7200
756,2.4,USD,0,,7200
757,2.4,USD,0,,7200
758,2.4,USD,0,,7200
759,2.4,USD,0,,7200
760,2.4,USD,0,,7200
761,2.4,USD,0,,7200
762,2.4,USD,0,,7200
763,2.4,USD,0,,7200
764,2.4,USD,0,,7200
765,2.4,USD,0,,7200
766,0,USD,0,,7200
767,2.1,USD,0,,7200
768,2.1,USD,0,,7200
769,2.1,USD,0,,7200
770,2.1,USD,0,,7200
771,2.1,USD,0,,7200
772,2.1,USD,0,,7200
773,2.4,USD,0,,7200
774,2.1,USD,0,,7200
775,2.1,USD,0,,7200
776,2.4,USD,0,,7200
777,2.1,USD,0,,7200
778,2.1,USD,0,,7200
779,2.4,USD,0,,7200
780,2.4,USD,0,,7200
781,2.1,USD,0,,7200
782,2.4,USD,0,,7200
783,2.1,USD,0,,7200
784,2.1,USD,0,,7200
785,2.4,USD,0,,7200
786,2.4,USD,0,,7200
787,2.1,USD,0,,7200
788,2.1,USD,0,,7200
789,2.1,USD,0,,7200
790,2.1,USD,0,,7200
791,2.4,USD,0,,7200
792,2.4,USD,0,,7200
793,2.1,USD,0,,7200
794,2.1,USD,0,,7200
795,2.4,USD,0,,7200
796,2.1,USD,0,,7200
797,2.4,USD,0,,7200
798,2.4,USD,0,,7200
799,2.1,USD,0,,7200
800,2.4,USD,0,,7200
801,2.4,USD,0,,7200
802,2.1,USD,0,,7200
803,2.4,USD,0,,7200
804,2.1,USD,0,,7200
805,2.1,USD,0,,7200
806,2.4,USD,0,,7200
807,2.4,USD,0,,7200
808,2.4,USD,0,,7200
809,2.1,USD,0,,7200
810,2.1,USD,0,,7200
811,2.4,USD,0,,7200
812,2.4,USD,0,,7200
813,2.4,USD,0,,7200
814,2.4,USD,0,,7200
815,2.4,USD,0,,7200
816,2.4,USD,0,,7200
817,2.1,USD,0,,7200
818,2.4,USD,0,,7200
819,2.4,USD,0,,7200
820,2.4,USD,0,,7200
821,2.4,USD,0,,7200
822,2.4,USD,0,,7200
823,2.4,USD,0,,7200
824,2.1,USD,0,,7200
825,2.1,USD,0,,7200
826,2.4,USD,0,,7200
827,2.4,USD,0,,7200
828,2.4,USD,0,,7200
829,2.4,USD,0,,7200
830,2.4,USD,0,,7200
831,2.4,USD,0,,7200
832,2.1,USD,0,,7200
833,2.4,USD,0,,7200
834,2.4,USD,0,,7200
835,2.4,USD,0,,7200
836,2.4,USD,0,,7200
837,2.4,USD,0,,7200
838,2.4,USD,0,,7200
839,2.1,USD,0,,7200
840,2.1,USD,0,,7200
841,2.4,USD,0,,7200
842,2.1,USD,0,,7200
843,2.4,USD,0,,7200
844,2.4,USD,0,,7200
845,2.1,USD,0,,7200
846,2.4,USD,0,,7200
847,2.4,USD,0,,7200
848,2.4,USD,0,,7200
849,2.4,USD,0,,7200
850,2.4,USD,0,,7200
851,2.1,USD,0,,7200
852,2.4,USD,0,,7200
853,2.4,USD,0,,7200
854,2.4,USD,0,,7200
855,2.4,USD,0,,7200
856,2.4,USD,0,,7200
857,2.4,USD,0,,7200
858,2.4,USD,0,,7200
859,2.1,USD,0,,7200
860,2.1,USD,0,,7200
861,2.4,USD,0,,7200
862,2.4,USD,0,,7200
863,2.4,USD,0,,7200
864,2.4,USD,0,,7200
865,2.4,USD,0,,7200
866,2.4,USD,0,,7200
867,2.1,USD,0,,7200
868,2.4,USD,0,,7200
869,2.4,USD,0,,7200
870,2.4,USD,0,,7200
871,2.4,USD,0,,7200
872,2.4,USD,0,,7200
873,2.4,USD,0,,7200
874,2.4,USD,0,,7200
875,2.4,USD,0,,7200
876,2.4,USD,0,,7200
877,2.1,USD,0,,7200
878,2.4,USD,0,,7200
879,2.4,USD,0,,7200
880,2.4,USD,0,,7200
881,2.4,USD,0,,7200
882,2.4,USD,0,,7200
883,2.4,USD,0,,7200
884,2.4,USD,0,,7200
885,2.4,USD,0,,7200
886,2.4,USD,0,,7200
887,2.4,USD,0,,7200
888,2.4,USD,0,,7200
889,2.4,USD,0,,7200
890,2.4,USD,0,,7200
891,2.4,USD,0,,7200
892,2.4,USD,0,,7200
893,2.4,USD,0,,7200
894,2.4,USD,0,,7200
895,2.4,USD,0,,7200
896,2.4,USD,0,,7200
897,2.1,USD,0,,7200
898,2.4,USD,0,,7200
899,2.4,USD,0,,7200
900,2.4,USD,0,,7200
901,2.4,USD,0,,7200
902,2.4,USD,0,,7200
903,2.4,USD,0,,7200
904,2.4,USD,0,,7200
905,2.4,USD,0,,7200
906,2.4,USD,0,,7200
907,2.4,USD,0,,7200
908,2.4,USD,0,,7200
909,2.4,USD,0,,7200
910,2.4,USD,0,,7200
911,2.4,USD,0,,7200
912,2.4,USD,0,,7200
913,2.4,USD,0,,7200
914,2.4,USD,0,,7200
915,2.4,USD,0,,7200
916,2.1,USD,0,,7200
917,2.4,USD,0,,7200
918,2.4,USD,0,,7200
919,2.4,USD,0,,7200
920,2.4,USD,0,,7200
921,2.4,USD,0,,7200
922,2.4,USD,0,,7200
923,2.4,USD,0,,7200
924,2.4,USD,0,,7200
925,2.4,USD,0,,7200
926,2.4,USD,0,,7200
927,2.4,USD,0,,7200
928,2.4,USD,0,,7200
929,2.4,USD,0,,7200
930,2.4,USD,0,,7200
931,2.4,USD,0,,7200
932,2.1,USD,0,,7200
933,2.4,USD,0,,7200
934,2.4,USD,0,,7200
935,2.4,USD,0,,7200
936,2.4,USD,0,,7200
937,2.4,USD,0,,7200
938,2.4,USD,0,,7200
939,2.4,USD,0,,7200
940,2.4,USD,0,,7200
941,2.4,USD,0,,7200
942,2.4,USD,0,,7200
943,2.4,USD,0,,7200
944,2.4,USD,0,,7200
945,2.4,USD,0,,7200
946,2.4,USD,0,,7200
947,2.4,USD,0,,7200
948,2.4,USD,0,,7200
949,2.4,USD,0,,7200
950,2.4,USD,0,,7200
951,2.4,USD,0,,7200
952,2.4,USD,0,,7200
953,2.4,USD,0,,7200
954,2.4,USD,0,,7200
955,2.4,USD,0,,7200
956,2.4,USD,0,,7200
957,2.4,USD,0,,7200
958,2.4,USD,0,,7200
959,2.4,USD,0,,7200
960,2.4,USD,0,,7200
961,2.4,USD,0,,7200
962,2.4,USD,0,,7200
963,2.4,USD,0,,7200
964,2.4,USD,0,,7200
965,2.4,USD,0,,7200
966,2.4,USD,0,,7200
967,2.4,USD,0,,7200
968,2.4,USD,0,,7200
969,2.4,USD,0,,7200
970,2.4,USD,0,,7200
971,2.4,USD,0,,7200
972,2.4,USD,0,,7200
973,2.4,USD,0,,7200
974,2.4,USD,0,,7200
975,2.4,USD,0,,7200
976,2.4,USD,0,,7200
977,2.4,USD,0,,7200
978,2.4,USD,0,,7200
979,2.4,USD,0,,7200
980,2.4,USD,0,,7200
981,2.4,USD,0,,7200
982,2.4,USD,0,,7200
983,2.4,USD,0,,7200
984,2.4,USD,0,,7200
985,2.4,USD,0,,7200
986,2.4,USD,0,,7200
987,2.4,USD,0,,7200
988,2.4,USD,0,,7200
989,2.4,USD,0,,7200
990,2.4,USD,0,,7200
991,2.4,USD,0,,7200
992,2.4,USD,0,,7200
993,2.4,USD,0,,7200
994,2.4,USD,0,,7200
995,2.4,USD,0,,7200
996,2.4,USD,0,,7200
997,2.4,USD,0,,7200
998,2.4,USD,0,,7200
999,2.4,USD,0,,7200
1000,2.4,USD,0,,7200
1001,2.4,USD,0,,7200
1002,2.4,USD,0,,7200
1003,2.4,USD,0,,7200
1004,2.4,USD,0,,7200
1005,2.4,USD,0,,7200
1006,2.4,USD,0,,7200
1007,2.4,USD,0,,7200
1008,2.4,USD,0,,7200
1009,2.4,USD,0,,7200
1010,2.4,USD,0,,7200
1011,2.4,USD,0,,7200
1012,2.4,USD,0,,7200
1013,2.4,USD,0,,7200
1014,2.4,USD,0,,7200
1015,2.4,USD,0,,7200
1016,2.4,USD,0,,7200
1017,2.4,USD,0,,7200
1018,2.4,USD,0,,7200
1019,2.4,USD,0,,7200
1020,2.4,USD,0,,7200
1021,0,USD,1,,7200
1022,2.1,USD,1,,7200
1023,2.1,USD,1,,7200
1024,2.1,USD,1,,7200
1025,2.1,USD,1,,7200
1026,2.1,USD,1,,7200
1027,2.1,USD,1,,7200
1028,2.4,USD,1,,7200
1029,2.1,USD,1,,7200
1030,2.1,USD,1,,7200
1031,2.4,USD,1,,7200
1032,2.1,USD,1,,7200
1033,2.1,USD,1,,7200
1034,2.4,USD,1,,7200
1035,2.4,USD,1,,7200
1036,2.1,USD,1,,7200
1037,2.4,USD,1,,7200
1038,2.1,USD,1,,7200
1039,2.1,USD,1,,7200
1040,2.4,USD,1,,7200
1041,2.4,USD,1,,7200
1042,2.1,USD,1,,7200
1043,2.1,USD,1,,7200
1044,2.1,USD,1,,7200
1045,2.1,USD,1,,7200
1046,2.4,USD,1,,7200
1047,2.4,USD,1,,7200
1048,2.1,USD,1,,7200
1049,2.1,USD,1,,7200
1050,2.4,USD,1,,7200
1051,2.1,USD,1,,7200
1052,2.4,USD,1,,7200
1053,2.4,USD,1,,7200
1054,2.1,USD,1,,7200
1055,2.4,USD,1,,7200
1056,2.4,USD,1,,7200
1057,2.1,USD,1,,7200
1058,2.4,USD,1,,7200
1059,2.1,USD,1,,7200
1060,2.1,USD,1,,7200
1061,2.4,USD,1,,7200
1062,2.4,USD,1,,7200
1063,2.4,USD,1,,7200
1064,2.1,USD,1,,7200
1065,2.1,USD,1,,7200
1066,2.4,USD,1,,7200
1067,2.4,USD,1,,7200
1068,2.4,USD,1,,7200
1069,2.4,USD,1,,7200
1070,2.4,USD,1,,7200
1071,2.4,USD,1,,7200
1072,2.1,USD,1,,7200
1073,2.4,USD,1,,7200
1074,2.4,USD,1,,7200
1075,2.4,USD,1,,7200
1076,2.4,USD,1,,7200
1077,2.4,USD,1,,7200
1078,2.4,USD,1,,7200
1079,2.1,USD,1,,7200
1080,2.1,USD,1,,7200
1081,2.4,USD,1,,7200
1082,2.4,USD,1,,7200
1083,2.4,USD,1,,7200
1084,2.4,USD,1,,7200
1085,2.4,USD,1,,7200
1086,2.4,USD,1,,7200
1087,2.1,USD,1,,7200
1088,2.4,USD,1,,7200
1089,2.4,USD,1,,7200
1090,2.4,USD,1,,7200
1091,2.4,USD,1,,7200
1092,2.4,USD,1,,7200
1093,2.4,USD,1,,7200
1094,2.1,USD,1,,7200
1095,2.1,USD,1,,7200
1096,2.4,USD,1,,7200
1097,2.1,USD,1,,7200
1098,2.4,USD,1,,7200
1099,2.4,USD,1,,7200
1100,2.1,USD,1,,7200
1101,2.4,USD,1,,7200
1102,2.4,USD,1,,7200
1103,2.4,USD,1,,7200
1104,2.4,USD,1,,7200
1105,2.4,USD,1,,7200
1106,2.1,USD,1,,7200
1107,2.4,USD,1,,7200
1108,2.4,USD,1,,7200
1109,2.4,USD,1,,7200
1110,2.4,USD,1,,7200
1111,2.4,USD,1,,7200
1112,2.4,USD,1,,7200
1113,2.4,USD,1,,7200
1114,2.1,USD,1,,7200
1115,2.1,USD,1,,7200
1116,2.4,USD,1,,7200
1117,2.4,USD,1,,7200
1118,2.4,USD,1,,7200
1119,2.4,USD,1,,7200
1120,2.4,USD,1,,7200
1121,2.4,USD,1,,7200
1122,2.1,USD,1,,7200
1123,2.4,USD,1,,7200
1124,2.4,USD,1,,7200
1125,2.4,USD,1,,7200
1126,2.4,USD,1,,7200
1127,2.4,USD,1,,7200
1128,2.4,USD,1,,7200
1129,2.4,USD,1,,7200
1130,2.4,USD,1,,7200
1131,2.4,USD,1,,7200
1132,2.1,USD,1,,7200
1133,2.4,USD,1,,7200
1134,2.4,USD,1,,7200
1135,2.4,USD,1,,7200
1136,2.4,USD,1,,7200
1137,2.4,USD,1,,7200
1138,2.4,USD,1,,7200
1139,2.4,USD,1,,7200
1140,2.4,USD,1,,7200
1141,2.4,USD,1,,7200
1142,2.4,USD,1,,7200
1143,2.4,USD,1,,7200
1144,2.4,USD,1,,7200
1145,2.4,USD,1,,7200
1146,2.4,USD,1,,7200
1147,2.4,USD,1,,7200
1148,2.4,USD,1,,7200
1149,2.4,USD,1,,7200
1150,2.4,USD,1,,7200
1151,2.4,USD,1,,7200
1152,2.1,USD,1,,7200
1153,2.4,USD,1,,7200
1154,2.4,USD,1,,7200
1155,2.4,USD,1,,7200
1156,2.4,USD,1,,7200
1157,2.4,USD,1,,7200
1158,2.4,USD,1,,7200
1159,2.4,USD,1,,7200
1160,2.4,USD,1,,7200
1161,2.4,USD,1,,7200
1162,2.4,USD,1,,7200
1163,2.4,USD,1,,7200
1164,2.4,USD,1,,7200
1165,2.4,USD,1,,7200
1166,2.4,USD,1,,7200
1167,2.4,USD,1,,7200
1168,2.4,USD,1,,7200
1169,2.4,USD,1,,7200
1170,2.4,USD,1,,7200
1171,2.1,USD,1,,7200
1172,2.4,USD,1,,7200
1173,2.4,USD,1,,7200
1174,2.4,USD,1,,7200
1175,2.4,USD,1,,7200
1176,2.4,USD,1,,7200
1177,2.4,USD,1,,7200
1178,2.4,USD,1,,7200
1179,2.4,USD,1,,7200
1180,2.4,USD,1,,7200
1181,2.4,USD,1,,7200
1182,2.4,USD,1,,7200
1183,2.4,USD,1,,7200
1184,2.4,USD,1,,7200
1185,2.4,USD,1,,7200
1186,2.4,USD,1,,7200
1187,2.1,USD,1,,7200
1188,2.4,USD,1,,7200
1189,2.4,USD,1,,7200
1190,2.4,USD,1,,7200
1191,2.4,USD,1,,7200
1192,2.4,USD,1,,7200
1193,2.4,USD,1,,7200
1194,2.4,USD,1,,7200
1195,2.4,USD,1,,7200
1196,2.4,USD,1,,7200
1197,2.4,USD,1,,7200
1198,2.4,USD,1,,7200
1199,2.4,USD,1,,7200
1200,2.4,USD,1,,7200
1201,2.4,USD,1,,7200
1202,2.4,USD,1,,7200
1203,2.4,USD,1,,7200
1204,2.4,USD,1,,7200
1205,2.4,USD,1,,7200
1206,2.4,USD,1,,7200
1207,2.4,USD,1,,7200
1208,2.4,USD,1,,7200
1209,2.4,USD,1,,7200
1210,2.4,USD,1,,7200
1211,2.4,USD,1,,7200
1212,2.4,USD,1,,7200
1213,2.4,USD,1,,7200
1214,2.4,USD,1,,7200
1215,2.4,USD,1,,7200
1216,2.4,USD,1,,7200
1217,2.4,USD,1,,7200
1218,2.4,USD,1,,7200
1219,2.4,USD,1,,7200
1220,2.4,USD,1,,7200
1221,2.4,USD,1,,7200
1222,2.4,USD,1,,7200
1223,2.4,USD,1,,7200
1224,2.4,USD,1,,7200
1225,2.4,USD,1,,7200
1226,2.4,USD,1,,7200
1227,2.4,USD,1,,7200
1228,2.4,USD,1,,7200
1229,2.4,USD,1,,7200
1230,2.4,USD,1,,7200
1231,2.4,USD,1,,7200
1232,2.4,USD,1,,7200
1233,2.4,USD,1,,7200
1234,2.4,USD,1,,7200
1235,2.4,USD,1,,7200
1236,2.4,USD,1,,7200
1237,2.4,USD,1,,7200
1238,2.4,USD,1,,7200
1239,2.4,USD,1,,7200
1240,2.4,USD,1,,7200
1241,2.4,USD,1,,7200
1242,2.4,USD,1,,7200
1243,2.4,USD,1,,7200
1244,2.4,USD,1,,7200
1245,2.4,USD,1,,7200
1246,2.4,USD,1,,7200
1247,2.4,USD,1,,7200
1248,2.4,USD,1,,7200
1249,2.4,USD,1,,7200
1250,2.4,USD,1,,7200
1251,2.4,USD,1,,7200
1252,2.4,USD,1,,7200
1253,2.4,USD,1,,7200
1254,2.4,USD,1,,7200
1255,2.4,USD,1,,7200
1256,2.4,USD,1,,7200
1257,2.4,USD,1,,7200
1258,2.4,USD,1,,7200
1259,2.4,USD,1,,7200
1260,2.4,USD,1,,7200
1261,2.4,USD,1,,7200
1262,2.4,USD,1,,7200
1263,2.4,USD,1,,7200
1264,2.4,USD,1,,7200
1265,2.4,USD,1,,7200
1266,2.4,USD,1,,7200
1267,2.4,USD,1,,7200
1268,2.4,USD,1,,7200
1269,2.4,USD,1,,7200
1270,2.4,USD,1,,7200
1271,2.4,USD,1,,7200
1272,2.4,USD,1,,7200
1273,2.4,USD,1,,7200
1274,2.4,USD,1,,7200
1275,2.4,USD,1,,7200
1276,0,USD,1,,7200
1277,2.1,USD,1,,7200
1278,2.1,USD,1,,7200
1279,2.1,USD,1,,7200
1280,2.1,USD,1,,7200
1281,2.1,USD,1,,7200
1282,2.1,USD,1,,7200
1283,2.4,USD,1,,7200
1284,2.1,USD,1,,7200
1285,2.1,USD,1,,7200
1286,2.4,USD,1,,7200
1287,2.1,USD,1,,7200
1288,2.1,USD,1,,7200
1289,2.4,USD,1,,7200
1290,2.4,USD,1,,7200
1291,2.1,USD,1,,7200
1292,2.4,USD,1,,7200
1293,2.1,USD,1,,7200
1294,2.1,USD,1,,7200
1295,2.4,USD,1,,7200
1296,2.4,USD,1,,7200
1297,2.1,USD,1,,7200
1298,2.1,USD,1,,7200
1299,2.1,USD,1,,7200
1300,2.1,USD,1,,7200
1301,2.4,USD,1,,7200
1302,2.4,USD,1,,7200
1303,2.1,USD,1,,7200
1304,2.1,USD,1,,7200
1305,2.4,USD,1,,7200
1306,2.1,USD,1,,7200
1307,2.4,USD,1,,7200
1308,2.4,USD,1,,7200
1309,2.1,USD,1,,7200
1310,2.4,USD,1,,7200
1311,2.4,USD,1,,7200
1312,2.1,USD,1,,7200
1313,2.4,USD,1,,7200
1314,2.1,USD,1,,7200
1315,2.1,USD,1,,7200
1316,2.4,USD,1,,7200
1317,2.4,USD,1,,7200
1318,2.4,USD,1,,7200
1319,2.1,USD,1,,7200
1320,2.1,USD,1,,7200
1321,2.4,USD,1,,7200
1322,2.4,USD,1,,7200
1323,2.4,USD,1,,7200
1324,2.4,USD,1,,7200
1325,2.4,USD,1,,7200
1326,2.4,USD,1,,7200
1327,2.1,USD,1,,7200
1328,2.4,USD,1,,7200
1329,2.4,USD,1,,7200
1330,2.4,USD,1,,7200
1331,2.4,USD,1,,7200
1332,2.4,USD,1,,7200
1333,2.4,USD,1,,7200
1334,2.1,USD,1,,7200
1335,2.1,USD,1,,7200
1336,2.4,USD,1,,7200
1337,2.4,USD,1,,7200
1338,2.4,USD,1,,7200
1339,2.4,USD,1,,7200
1340,2.4,USD,1,,7200
1341,2.4,USD,1,,7200
1342,2.1,USD,1,,7200
1343,2.4,USD,1,,7200
1344,2.4,USD,1,,7200
1345,2.4,USD,1,,7200
1346,2.4,USD,1,,7200
1347,2.4,USD,1,,7200
1348,2.4,USD,1,,7200
1349,2.1,USD,1,,7200
1350,2.1,USD,1,,7200
1351,2.4,USD,1,,7200
1352,2.1,USD,1,,7200
1353,2.4,USD,1,,7200
1354,2.4,USD,1,,7200
1355,2.1,USD,1,,7200
1356,2.4,USD,1,,7200
1357,2.4,USD,1,,7200
1358,2.4,USD,1,,7200
1359,2.4,USD,1,,7200
1360,2.4,USD,1,,7200
1361,2.1,USD,1,,7200
1362,2.4,USD,1,,7200
1363,2.4,USD,1,,7200
1364,2.4,USD,1,,7200
1365,2.4,USD,1,,7200
1366,2.4,USD,1,,7200
1367,2.4,USD,1,,7200
1368,2.4,USD,1,,7200
1369,2.1,USD,1,,7200
1370,2.1,USD,1,,7200
1371,2.4,USD,1,,7200
1372,2.4,USD,1,,7200
1373,2.4,USD,1,,7200
1374,2.4,USD,1,,7200
1375,2.4,USD,1,,7200
1376,2.4,USD,1,,7200
1377,2.1,USD,1,,7200
1378,2.4,USD,1,,7200
1379,2.4,USD,1,,7200
1380,2.4,USD,1,,7200
1381,2.4,USD,1,,7200
1382,2.4,USD,1,,7200
1383,2.4,USD,1,,7200
1384,2.4,USD,1,,7200
1385,2.4,USD,1,,7200
1386,2.4,USD,1,,7200
1387,2.1,USD,1,,7200
1388,2.4,USD,1,,7200
1389,2.4,USD,1,,7200
1390,2.4,USD,1,,7200
1391,2.4,USD,1,,7200
1392,2.4,USD,1,,7200
1393,2.4,USD,1,,7200
1394,2.4,USD,1,,7200
1395,2.4,USD,1,,7200
1396,2.4,USD,1,,7200
1397,2.4,USD,1,,7200
1398,2.4,USD,1,,7200
1399,2.4,USD,1,,7200
1400,2.4,USD,1,,7200
1401,2.4,USD,1,,7200
1402,2.4,USD,1,,7200
1403,2.4,USD,1,,7200
1404,2.4,USD,1,,7200
1405,2.4,USD,1,,7200
1406,2.4,USD,1,,7200
1407,2.1,USD,1,,7200
1408,2.4,USD,1,,7200
1409,2.4,USD,1,,7200
1410,2.4,USD,1,,7200
1411,2.4,USD,1,,7200
1412,2.4,USD,1,,7200
1413,2.4,USD,1,,7200
1414,2.4,USD,1,,7200
1415,2.4,USD,1,,7200
1416,2.4,USD,1,,7200
1417,2.4,USD,1,,7200
1418,2.4,USD,1,,7200
1419,2.4,USD,1,,7200
1420,2.4,USD,1,,7200
1421,2.4,USD,1,,7200
1422,2.4,USD,1,,7200
1423,2.4,USD,1,,7200
1424,2.4,USD,1,,7200
1425,2.4,USD,1,,7200
1426,2.1,USD,1,,7200
1427,2.4,USD,1,,7200
1428,2.4,USD,1,,7200
1429,2.4,USD,1,,7200
1430,2.4,USD,1,,7200
1431,2.4,USD,1,,7200
1432,2.4,USD,1,,7200
1433,2.4,USD,1,,7200
1434,2.4,USD,1,,7200
1435,2.4,USD,1,,7200
1436,2.4,USD,1,,7200
1437,2.4,USD,1,,7200
1438,2.4,USD,1,,7200
1439,2.4,USD,1,,7200
1440,2.4,USD,1,,7200
1441,2.4,USD,1,,7200
1442,2.1,USD,1,,7200
1443,2.4,USD,1,,7200
1444,2.4,USD,1,,7200
1445,2.4,USD,1,,7200
1446,2.4,USD,1,,7200
1447,2.4,USD,1,,7200
1448,2.4,USD,1,,7200
1449,2.4,USD,1,,7200
1450,2.4,USD,1,,7200
1451,2.4,USD,1,,7200
1452,2.4,USD,1,,7200
1453,2.4,USD,1,,7200
1454,2.4,USD,1,,7200
1455,2.4,USD,1,,7200
1456,2.4,USD,1,,7200
1457,2.4,USD,1,,7200
1458,2.4,USD,1,,7200
1459,2.4,USD,1,,7200
1460,2.4,USD,1,,7200
1461,2.4,USD,1,,7200
1462,2.4,USD,1,,7200
1463,2.4,USD,1,,7200
1464,2.4,USD,1,,7200
1465,2.4,USD,1,,7200
1466,2.4,USD,1,,7200
1467,2.4,USD,1,,7200
1468,2.4,USD,1,,7200
1469,2.4,USD,1,,7200
1470,2.4,USD,1,,7200
1471,2.4,USD,1,,7200
1472,2.4,USD,1,,7200
1473,2.4,USD,1,,7200
1474,2.4,USD,1,,7200
1475,2.4,USD,1,,7200
1476,2.4,USD,1,,7200
1477,2.4,USD,1,,7200
1478,2.4,USD,1,,7200
1479,2.4,USD,1,,7200
1480,2.4,USD,1,,7200
1481,2.4,USD,1,,7200
1482,2.4,USD,1,,7200
1483,2.4,USD,1,,7200
1484,2.4,USD,1,,7200
1485,2.4,USD,1,,7200
1486,2.4,USD,1,,7200
1487,2.4,USD,1,,7200
1488,2.4,USD,1,,7200
1489,2.4,USD,1,,7200
1490,2.4,USD,1,,7200
1491,2.4,USD,1,,7200
1492,2.4,USD,1,,7200
1493,2.4,USD,1,,7200
1494,2.4,USD,1,,7200
1495,2.4,USD,1,,7200
1496,2.4,USD,1,,7200
1497,2.4,USD,1,,7200
1498,2.4,USD,1,,7200
1499,2.4,USD,1,,7200
1500,2.4,USD,1,,7200
1501,2.4,USD,1,,7200
1502,2.4,USD,1,,7200
1503,2.4,USD,1,,7200
1504,2.4,USD,1,,7200
1505,2.4,USD,1,,7200
1506,2.4,USD,1,,7200
1507,2.4,USD,1,,7200
1508,2.4,USD,1,,7200
1509,2.4,USD,1,,7200
1510,2.4,USD,1,,7200
1511,2.4,USD,1,,7200
1512,2.4,USD,1,,7200
1513,2.4,USD,1,,7200
1514,2.4,USD,1,,7200
1515,2.4,USD,1,,7200
1516,2.4,USD,1,,7200
1517,2.4,USD,1,,7200
1518,2.4,USD,1,,7200
1519,2.4,USD,1,,7200
1520,2.4,USD,1,,7200
1521,2.4,USD,1,,7200
1522,2.4,USD,1,,7200
1523,2.4,USD,1,,7200
1524,2.4,USD,1,,7200
1525,2.4,USD,1,,7200
1526,2.4,USD,1,,7200
1527,2.4,USD,1,,7200
1528,2.4,USD,1,,7200
1529,2.4,USD,1,,7200
1530,2.4,USD,1,,7200
1531,0,USD,1,,7200
1532,2.1,USD,1,,7200
1533,2.1,USD,1,,7200
1534,2.1,USD,1,,7200
1535,2.1,USD,1,,7200
1536,2.1,USD,1,,7200
1537,2.1,USD,1,,7200
1538,2.4,USD,1,,7200
1539,2.1,USD,1,,7200
1540,2.1,USD,1,,7200
1541,2.4,USD,1,,7200
1542,2.1,USD,1,,7200
1543,2.1,USD,1,,7200
1544,2.4,USD,1,,7200
1545,2.4,USD,1,,7200
1546,2.1,USD,1,,7200
1547,2.4,USD,1,,7200
1548,2.1,USD,1,,7200
1549,2.1,USD,1,,7200
1550,2.4,USD,1,,7200
1551,2.4,USD,1,,7200
1552,2.1,USD,1,,7200
1553,2.1,USD,1,,7200
1554,2.1,USD,1,,7200
1555,2.1,USD,1,,7200
1556,2.4,USD,1,,7200
1557,2.4,USD,1,,7200
1558,2.1,USD,1,,7200
1559,2.1,USD,1,,7200
1560,2.4,USD,1,,7200
1561,2.1,USD,1,,7200
1562,2.4,USD,1,,7200
1563,2.4,USD,1,,7200
1564,2.1,USD,1,,7200
1565,2.4,USD,1,,7200
1566,2.4,USD,1,,7200
1567,2.1,USD,1,,7200
1568,2.4,USD,1,,7200
1569,2.1,USD,1,,7200
1570,2.1,USD,1,,7200
1571,2.4,USD,1,,7200
1572,2.4,USD,1,,7200
1573,2.4,USD,1,,7200
1574,2.1,USD,1,,7200
1575,2.1,USD,1,,7200
1576,2.4,USD,1,,7200
1577,2.4,USD,1,,7200
1578,2.4,USD,1,,7200
1579,2.4,USD,1,,7200
1580,2.4,USD,1,,7200
1581,2.4,USD,1,,7200
1582,2.1,USD,1,,7200
1583,2.4,USD,1,,7200
1584,2.4,USD,1,,7200
1585,2.4,USD,1,,7200
1586,2.4,USD,1,,7200
1587,2.4,USD,1,,7200
1588,2.4,USD,1,,7200
1589,2.1,USD,1,,7200
1590,2.1,USD,1,,7200
1591,2.4,USD,1,,7200
1592,2.4,USD,1,,7200
1593,2.4,USD,1,,7200
1594,2.4,USD,1,,7200
1595,2.4,USD,1,,7200
1596,2.4,USD,1,,7200
1597,2.1,USD,1,,7200
1598,2.4,USD,1,,7200
1599,2.4,USD,1,,7200
1600,2.4,USD,1,,7200
1601,2.4,USD,1,,7200
1602,2.4,USD,1,,7200
1603,2.4,USD,1,,7200
1604,2.1,USD,1,,7200
1605,2.1,USD,1,,7200
1606,2.4,USD,1,,7200
1607,2.1,USD,1,,7200
1608,2.4,USD,1,,7200
1609,2.4,USD,1,,7200
1610,2.1,USD,1,,7200
1611,2.4,USD,1,,7200
1612,2.4,USD,1,,7200
1613,2.4,USD,1,,7200
1614,2.4,USD,1,,7200
1615,2.4,USD,1,,7200
1616,2.1,USD,1,,7200
1617,2.4,USD,1,,7200
1618,2.4,USD,1,,7200
1619,2.4,USD,1,,7200
1620,2.4,USD,1,,7200
1621,2.4,USD,1,,7200
1622,2.4,USD,1,,7200
1623,2.4,USD,1,,7200
1624,2.1,USD,1,,7200
1625,2.1,USD,1,,7200
1626,2.4,USD,1,,7200
1627,2.4,USD,1,,7200
1628,2.4,USD,1,,7200
1629,2.4,USD,1,,7200
1630,2.4,USD,1,,7200
1631,2.4,USD,1,,7200
1632,2.1,USD,1,,7200
1633,2.4,USD,1,,7200
1634,2.4,USD,1,,7200
1635,2.4,USD,1,,7200
1636,2.4,USD,1,,7200
1637,2.4,USD,1,,7200
1638,2.4,USD,1,,7200
1639,2.4,USD,1,,7200
1640,2.4,USD,1,,7200
1641,2.4,USD,1,,7200
1642,2.1,USD,1,,7200
1643,2.4,USD,1,,7200
1644,2.4,USD,1,,7200
1645,2.4,USD,1,,7200
1646,2.4,USD,1,,7200
1647,2.4,USD,1,,7200
1648,2.4,USD,1,,7200
1649,2.4,USD,1,,7200
1650,2.4,USD,1,,7200
1651,2.4,USD,1,,7200
1652,2.4,USD,1,,7200
1653,2.4,USD,1,,7200
1654,2.4,USD,1,,7200
1655,2.4,USD,1,,7200
1656,2.4,USD,1,,7200
1657,2.4,USD,1,,7200
1658,2.4,USD,1,,7200
1659,2.4,USD,1,,7200
1660,2.4,USD,1,,7200
1661,2.4,USD,1,,7200
1662,2.1,USD,1,,7200
1663,2.4,USD,1,,7200
1664,2.4,USD,1,,7200
1665,2.4,USD,1,,7200
1666,2.4,USD,1,,7200
1667,2.4,USD,1,,7200
1668,2.4,USD,1,,7200
1669,2.4,USD,1,,7200
1670,2.4,USD,1,,7200
1671,2.4,USD,1,,7200
1672,2.4,USD,1,,7200
1673,2.4,USD,1,,7200
1674,2.4,USD,1,,7200
1675,2.4,USD,1,,7200
1676,2.4,USD,1,,7200
1677,2.4,USD,1,,7200
1678,2.4,USD,1,,7200
1679,2.4,USD,1,,7200
1680,2.4,USD,1,,7200
1681,2.1,USD,1,,7200
1682,2.4,USD,1,,7200
1683,2.4,USD,1,,7200
1684,2.4,USD,1,,7200
1685,2.4,USD,1,,7200
1686,2.4,USD,1,,7200
1687,2.4,USD,1,,7200
1688,2.4,USD,1,,7200
1689,2.4,USD,1,,7200
1690,2.4,USD,1,,7200
1691,2.4,USD,1,,7200
1692,2.4,USD,1,,7200
1693,2.4,USD,1,,7200
1694,2.4,USD,1,,7200
1695,2.4,USD,1,,7200
1696,2.4,USD,1,,7200
1697,2.1,USD,1,,7200
1698,2.4,USD,1,,7200
1699,2.4,USD,1,,7200
1700,2.4,USD,1,,7200
1701,2.4,USD,1,,7200
1702,2.4,USD,1,,7200
1703,2.4,USD,1,,7200
1704,2.4,USD,1,,7200
1705,2.4,USD,1,,7200
1706,2.4,USD,1,,7200
1707,2.4,USD,1,,7200
1708,2.4,USD,1,,7200
1709,2.4,USD,1,,7200
1710,2.4,USD,1,,7200
1711,2.4,USD,1,,7200
1712,2.4,USD,1,,7200
1713,2.4,USD,1,,7200
1714,2.4,USD,1,,7200
1715,2.4,USD,1,,7200
1716,2.4,USD,1,,7200
1717,2.4,USD,1,,7200
1718,2.4,USD,1,,7200
1719,2.4,USD,1,,7200
1720,2.4,USD,1,,7200
1721,2.4,USD,1,,7200
1722,2.4,USD,1,,7200
1723,2.4,USD,1,,7200
1724,2.4,USD,1,,7200
1725,2.4,USD,1,,7200
1726,2.4,USD,1,,7200
1727,2.4,USD,1,,7200
1728,2.4,USD,1,,7200
1729,2.4,USD,1,,7200
1730,2.4,USD,1,,7200
1731,2.4,USD,1,,7200
1732,2.4,USD,1,,7200
1733,2.4,USD,1,,7200
1734,2.4,USD,1,,7200
1735,2.4,USD,1,,7200
1736,2.4,USD,1,,7200
1737,2.4,USD,1,,7200
1738,2.4,USD,1,,7200
1739,2.4,USD,1,,7200
1740,2.4,USD,1,,7200
1741,2.4,USD,1,,7200
1742,2.4,USD,1,,7200
1743,2.4,USD,1,,7200
1744,2.4,USD,1,,7200
1745,2.4,USD,1,,7200
1746,2.4,USD,1,,7200
1747,2.4,USD,1,,7200
1748,2.4,USD,1,,7200
1749,2.4,USD,1,,7200
1750,2.4,USD,1,,7200
1751,2.4,USD,1,,7200
1752,2.4,USD,1,,7200
1753,2.4,USD,1,,7200
1754,2.4,USD,1,,7200
1755,2.4,USD,1,,7200
1756,2.4,USD,1,,7200
1757,2.4,USD,1,,7200
1758,2.4,USD,1,,7200
1759,2.4,USD,1,,7200
1760,2.4,USD,1,,7200
1761,2.4,USD,1,,7200
1762,2.4,USD,1,,7200
1763,2.4,USD,1,,7200
1764,2.4,USD,1,,7200
1765,2.4,USD,1,,7200
1766,2.4,USD,1,,7200
1767,2.4,USD,1,,7200
1768,2.4,USD,1,,7200
1769,2.4,USD,1,,7200
1770,2.4,USD,1,,7200
1771,2.4,USD,1,,7200
1772,2.4,USD,1,,7200
1773,2.4,USD,1,,7200
1774,2.4,USD,1,,7200
1775,2.4,USD,1,,7200
1776,2.4,USD,1,,7200
1777,2.4,USD,1,,7200
1778,2.4,USD,1,,7200
1779,2.4,USD,1,,7200
1780,2.4,USD,1,,7200
1781,2.4,USD,1,,7200
1782,2.4,USD,1,,7200
1783,2.4,USD,1,,7200
1784,2.4,USD,1,,7200
1785,2.4,USD,1,,7200
1786,0,USD,1,,7200
1787,2.1,USD,1,,7200
1788,2.1,USD,1,,7200
1789,2.1,USD,1,,7200
1790,2.1,USD,1,,7200
1791,2.1,USD,1,,7200
1792,2.1,USD,1,,7200
1793,2.4,USD,1,,7200
1794,2.1,USD,1,,7200
1795,2.1,USD,1,,7200
1796,2.4,USD,1,,7200
1797,2.1,USD,1,,7200
1798,2.1,USD,1,,7200
1799,2.4,USD,1,,7200
1800,2.4,USD,1,,7200
1801,2.1,USD,1,,7200
1802,2.4,USD,1,,7200
1803,2.1,USD,1,,7200
1804,2.1,USD,1,,7200
1805,2.4,USD,1,,7200
1806,2.4,USD,1,,7200
1807,2.1,USD,1,,7200
1808,2.1,USD,1,,7200
1809,2.1,USD,1,,7200
1810,2.1,USD,1,,7200
1811,2.4,USD,1,,7200
1812,2.4,USD,1,,7200
1813,2.1,USD,1,,7200
1814,2.1,USD,1,,7200
1815,2.4,USD,1,,7200
1816,2.1,USD,1,,7200
1817,2.4,USD,1,,7200
1818,2.4,USD,1,,7200
1819,2.1,USD,1,,7200
1820,2.4,USD,1,,7200
1821,2.4,USD,1,,7200
1822,2.1,USD,1,,7200
1823,2.4,USD,1,,7200
1824,2.1,USD,1,,7200
1825,2.1,USD,1,,7200
1826,2.4,USD,1,,7200
1827,2.4,USD,1,,7200
1828,2.4,USD,1,,7200
1829,2.1,USD,1,,7200
1830,2.1,USD,1,,7200
1831,2.4,USD,1,,7200
1832,2.4,USD,1,,7200
1833,2.4,USD,1,,7200
1834,2.4,USD,1,,7200
1835,2.4,USD,1,,7200
1836,2.4,USD,1,,7200
1837,2.1,USD,1,,7200
1838,2.4,USD,1,,7200
1839,2.4,USD,1,,7200
1840,2.4,USD,1,,7200
1841,2.4,USD,1,,7200
1842,2.4,USD,1,,7200
1843,2.4,USD,1,,7200
1844,2.1,USD,1,,7200
1845,2.1,USD,1,,7200
1846,2.4,USD,1,,7200
1847,2.4,USD,1,,7200
1848,2.4,USD,1,,7200
1849,2.4,USD,1,,7200
1850,2.4,USD,1,,7200
1851,2.4,USD,1,,7200
1852,2.1,USD,1,,7200
1853,2.4,USD,1,,7200
1854,2.4,USD,1,,7200
1855,2.4,USD,1,,7200
1856,2.4,USD,1,,7200
1857,2.4,USD,1,,7200
1858,2.4,USD,1,,7200
1859,2.1,USD,1,,7200
1860,2.1,USD,1,,7200
1861,2.4,USD,1,,7200
1862,2.1,USD,1,,7200
1863,2.4,USD,1,,7200
1864,2.4,USD,1,,7200
1865,2.1,USD,1,,7200
1866,2.4,USD,1,,7200
1867,2.4,USD,1,,7200
1868,2.4,USD,1,,7200
1869,2.4,USD,1,,7200
1870,2.4,USD,1,,7200
1871,2.1,USD,1,,7200
1872,2.4,USD,1,,7200
1873,2.4,USD,1,,7200
1874,2.4,USD,1,,7200
1875,2.4,USD,1,,7200
1876,2.4,USD,1,,7200
1877,2.4,USD,1,,7200
1878,2.4,USD,1,,7200
1879,2.1,USD,1,,7200
1880,2.1,USD,1,,7200
1881,2.4,USD,1,,7200
1882,2.4,USD,1,,7200
1883,2.4,USD,1,,7200
1884,2.4,USD,1,,7200
1885,2.4,USD,1,,7200
1886,2.4,USD,1,,7200
1887,2.1,USD,1,,7200
1888,2.4,USD,1,,7200
1889,2.4,USD,1,,7200
1890,2.4,USD,1,,7200
1891,2.4,USD,1,,7200
1892,2.4,USD,1,,7200
1893,2.4,USD,1,,7200
1894,2.4,USD,1,,7200
1895,2.4,USD,1,,7200
1896,2.4,USD,1,,7200
1897,2.1,USD,1,,7200
1898,2.4,USD,1,,7200
1899,2.4,USD,1,,7200
1900,2.4,USD,1,,7200
1901,2.4,USD,1,,7200
1902,2.4,USD,1,,7200
1903,2.4,USD,1,,7200
1904,2.4,USD,1,,7200
1905,2.4,USD,1,,7200
1906,2.4,USD,1,,7200
1907,2.4,USD,1,,7200
1908,2.4,USD,1,,7200
1909,2.4,USD,1,,7200
1910,2.4,USD,1,,7200
1911,2.4,USD,1,,7200
1912,2.4,USD,1,,7200
1913,2.4,USD,1,,7200
1914,2.4,USD,1,,7200
1915,2.4,USD,1,,7200
1916,2.4,USD,1,,7200
1917,2.1,USD,1,,7200
1918,2.4,USD,1,,7200
1919,2.4,USD,1,,7200
1920,2.4,USD,1,,7200
1921,2.4,USD,1,,7200
1922,2.4,USD,1,,7200
1923,2.4,USD,1,,7200
1924,2.4,USD,1,,7200
1925,2.4,USD,1,,7200
1926,2.4,USD,1,,7200
1927,2.4,USD,1,,7200
1928,2.4,USD,1,,7200
1929,2.4,USD,1,,7200
1930,2.4,USD,1,,7200
1931,2.4,USD,1,,7200
1932,2.4,USD,1,,7200
1933,2.4,USD,1,,7200
1934,2.4,USD,1,,7200
1935,2.4,USD,1,,7200
1936,2.1,USD,1,,7200
1937,2.4,USD,1,,7200
1938,2.4,USD,1,,7200
1939,2.4,USD,1,,7200
1940,2.4,USD,1,,7200
1941,2.4,USD,1,,7200
1942,2.4,USD,1,,7200
1943,2.4,USD,1,,7200
1944,2.4,USD,1,,7200
1945,2.4,USD,1,,7200
1946,2.4,USD,1,,7200
1947,2.4,USD,1,,7200
1948,2.4,USD,1,,7200
1949,2.4,USD,1,,7200
1950,2.4,USD,1,,7200
1951,2.4,USD,1,,7200
1952,2.1,USD,1,,7200
1953,2.4,USD,1,,7200
1954,2.4,USD,1,,7200
1955,2.4,USD,1,,7200
1956,2.4,USD,1,,7200
1957,2.4,USD,1,,7200
1958,2.4,USD,1,,7200
1959,2.4,USD,1,,7200
1960,2.4,USD,1,,7200
1961,2.4,USD,1,,7200
1962,2.4,USD,1,,7200
1963,2.4,USD,1,,7200
1964,2.4,USD,1,,7200
1965,2.4,USD,1,,7200
1966,2.4,USD,1,,7200
1967,2.4,USD,1,,7200
1968,2.4,USD,1,,7200
1969,2.4,USD,1,,7200
1970,2.4,USD,1,,7200
1971,2.4,USD,1,,7200
1972,2.4,USD,1,,7200
1973,2.4,USD,1,,7200
1974,2.4,USD,1,,7200
1975,2.4,USD,1,,7200
1976,2.4,USD,1,,7200
1977,2.4,USD,1,,7200
1978,2.4,USD,1,,7200
1979,2.4,USD,1,,7200
1980,2.4,USD,1,,7200
1981,2.4,USD,1,,7200
1982,2.4,USD,1,,7200
1983,2.4,USD,1,,7200
1984,2.4,USD,1,,7200
1985,2.4,USD,1,,7200
1986,2.4,USD,1,,7200
1987,2.4,USD,1,,7200
1988,2.4,USD,1,,7200
1989,2.4,USD,1,,7200
1990,2.4,USD,1,,7200
1991,2.4,USD,1,,7200
1992,2.4,USD,1,,7200
1993,2.4,USD,1,,7200
1994,2.4,USD,1,,7200
1995,2.4,USD,1,,7200
1996,2.4,USD,1,,7200
1997,2.4,USD,1,,7200
1998,2.4,USD,1,,7200
1999,2.4,USD,1,,7200
2000,2.4,USD,1,,7200
2001,2.4,USD,1,,7200
2002,2.4,USD,1,,7200
2003,2.4,USD,1,,7200
2004,2.4,USD,1,,7200
2005,2.4,USD,1,,7200
2006,2.4,USD,1,,7200
2007,2.4,USD,1,,7200
2008,2.4,USD,1,,7200
2009,2.4,USD,1,,7200
2010,2.4,USD,1,,7200
2011,2.4,USD,1,,7200
2012,2.4,USD,1,,7200
2013,2.4,USD,1,,7200
2014,2.4,USD,1,,7200
2015,2.4,USD,1,,7200
2016,2.4,USD,1,,7200
2017,2.4,USD,1,,7200
2018,2.4,USD,1,,7200
2019,2.4,USD,1,,7200
2020,2.4,USD,1,,7200
2021,2.4,USD,1,,7200
2022,2.4,USD,1,,7200
2023,2.4,USD,1,,7200
2024,2.4,USD,1,,7200
2025,2.4,USD,1,,7200
2026,2.4,USD,1,,7200
2027,2.4,USD,1,,7200
2028,2.4,USD,1,,7200
2029,2.4,USD,1,,7200
2030,2.4,USD,1,,7200
2031,2.4,USD,1,,7200
2032,2.4,USD,1,,7200
2033,2.4,USD,1,,7200
2034,2.4,USD,1,,7200
2035,2.4,USD,1,,7200
2036,2.4,USD,1,,7200
2037,2.4,USD,1,,7200
2038,2.4,USD,1,,7200
2039,2.4,USD,1,,7200
2040,2.4,USD,1,,7200
